16   19   58
21   21   59
17   12   54
27   16   48
11   6   44
24   16   48
12   6   47
18   16   47
29   10   49
21   16   48
14   19   59
20   8   27
11   7   10
20   16   49
15   19   60
6   17   46
13   19   58
30   10   51
8   17   47
11   17   48
23   16   46
9   17   48
19   16   47
2   9   27
20   9   27
7   17   48
19   21   59
25   16   48
29   16   48
22   16   48
19   15   1
21   26   16
16   15   1
23   21   60
28   16   48
18   15   1
11   6   12
27   13   20
30   16   49
17   15   2
26   16   48
11   18   13
21   21   6
10   17   47
20   21   56
22   21   60
21   25   16
27   14   21
