25   19   37
2   23   35
21   4   26
20   0   27
29   6   17
4   1   28
10   20   22
26   28   25
26   0   33
20   7   47
13   26   7
9   31   21
25   5   51
8   30   30
3   31   7
25   21   18
25   15   21
4   19   26
19   2   18
4   12   7
26   22   30
17   25   18
7   30   26
18   11   30
15   11   22
1   1   24
28   9   20
30   26   27
3   27   19
0   13   29
27   18   21
9   18   10
1   11   16
27   15   24
2   10   10
25   1   33
0   25   32
19   10   16
0   6   18
21   17   19
14   25   19
12   24   24
16   21   52
16   9   32
11   15   8
4   29   19
27   18   28
11   8   31
0   27   42
19   23   20
18   20   25
3   16   28
5   7   29
16   21   61
10   24   18
19   19   10
26   9   16
30   6   42
13   22   32
12   14   19
24   20   18
26   23   26
22   14   10
8   31   44
12   21   48
5   26   48
9   29   37
31   28   12
19   30   25
26   9   32
26   9   23
30   22   30
17   22   16
5   4   13
2   6   23
8   20   26
23   27   22
21   13   12
30   22   25
28   8   21
20   14   28
27   10   10
6   25   23
8   11   18
0   1   32
24   12   23
27   10   16
16   27   34
3   15   31
4   11   30
13   21   21
23   23   42
4   28   16
1   15   23
28   10   26
8   17   16
2   5   20
0   21   30
28   15   25
25   24   44
19   19   16
3   15   10
10   2   10
12   19   18
15   2   15
7   20   25
22   3   51
13   10   17
23   2   42
25   25   16
12   25   29
5   11   14
10   24   24
5   1   33
20   29   20
23   14   31
3   10   32
13   17   12
4   30   37
7   31   21
12   6   26
7   8   22
19   23   23
23   20   17
23   27   37
6   10   14
17   13   17
24   13   17
1   19   27
3   29   26
22   20   35
12   12   37
5   10   33
11   26   7
26   13   13
28   20   8
7   12   20
13   5   26
0   1   21
8   19   7
11   19   16
31   23   16
28   25   19
26   3   19
0   21   23
29   13   25
27   28   20
14   25   12
30   31   24
22   16   32
19   30   24
21   15   24
1   17   28
21   13   31
3   3   19
14   25   17
25   10   31
10   18   28
26   17   28
28   21   18
2   27   27
19   1   37
21   29   28
30   3   34
10   6   20
5   29   44
7   20   10
3   22   12
22   0   16
18   9   61
3   30   17
20   30   31
6   23   18
10   24   17
7   15   24
5   23   32
11   28   13
27   2   7
25   3   23
11   0   20
20   31   42
25   24   30
2   23   19
31   31   51
5   20   44
14   8   26
8   29   17
31   28   42
23   4   51
28   20   51
2   22   32
29   13   19
6   19   14
31   1   20
22   0   13
15   9   37
28   2   7
19   7   34
28   19   26
25   7   29
18   26   27
14   10   31
10   8   24
6   5   17
18   17   0
1   8   26
18   2   16
7   16   26
8   21   12
6   29   10
30   21   17
21   20   25
4   9   31
12   17   10
13   2   14
14   18   18
2   19   10
25   4   37
15   11   25
31   30   21
16   15   12
11   30   19
11   11   30
19   20   33
23   5   16
21   16   21
23   21   23
1   0   37
9   0   34
29   17   13
0   11   17
20   12   10
3   7   28
27   14   18
27   27   21
13   23   24
7   20   20
22   2   20
15   18   13
5   0   26
10   14   61
17   0   42
9   9   13
30   5   13
5   17   24
11   21   42
28   7   27
7   17   19
8   6   30
25   3   12
9   20   29
3   20   29
2   28   18
6   12   29
1   29   17
6   23   12
11   8   26
0   15   44
7   13   37
9   22   52
23   5   22
0   26   16
9   0   19
19   28   19
17   23   12
15   17   24
7   14   29
0   2   55
7   0   14
11   5   22
5   9   24
1   10   29
21   10   27
1   26   28
23   15   13
21   10   29
27   27   23
20   26   32
23   7   47
6   13   8
28   22   10
29   9   16
13   3   13
14   1   19
17   10   47
19   20   27
20   17   12
28   4   31
5   2   17
0   29   17
10   26   34
4   21   28
27   15   34
3   16   27
2   11   26
9   19   30
23   16   22
29   13   37
28   4   32
10   0   8
4   29   14
20   25   12
30   30   42
7   27   33
9   19   13
30   0   20
28   29   20
31   21   28
21   27   16
5   17   12
10   27   26
5   9   26
7   8   10
26   2   31
14   17   33
2   19   8
31   18   24
17   20   10
1   28   18
12   22   13
8   5   17
11   23   20
2   14   14
24   11   42
1   7   28
14   1   23
13   13   29
31   26   33
1   31   22
14   11   23
3   27   23
25   31   29
11   26   24
12   14   29
4   10   33
3   22   7
14   16   30
8   21   42
20   13   17
29   31   20
13   15   26
4   22   25
10   29   14
27   5   30
14   30   20
8   24   32
30   28   22
5   9   12
20   11   13
14   18   8
19   7   21
29   27   12
26   1   28
28   13   29
17   21   23
13   7   18
8   12   25
24   8   30
5   10   23
22   8   61
14   29   31
8   24   14
9   3   20
13   27   16
27   10   32
1   7   25
18   26   29
10   8   8
25   2   18
26   14   19
13   27   42
4   4   20
0   17   7
10   30   27
22   23   17
3   25   16
29   6   30
15   5   23
15   30   30
10   7   29
22   0   25
23   30   17
20   14   31
28   19   61
3   22   17
12   6   8
17   3   44
29   23   24
7   16   27
4   23   27
22   27   26
16   23   21
26   10   10
20   1   25
7   30   25
17   5   22
15   7   24
24   1   32
0   19   17
5   0   12
25   15   7
12   15   23
29   18   26
27   27   17
26   24   33
2   26   20
5   2   31
9   3   25
12   7   23
21   13   42
23   24   20
19   26   34
11   31   21
19   17   12
29   25   22
25   6   27
17   9   18
7   16   28
10   6   28
20   21   39
5   26   37
22   30   34
13   19   13
24   20   29
14   20   16
16   16   24
3   15   22
28   9   24
13   20   28
28   26   24
4   28   22
31   18   26
4   7   27
13   21   48
15   14   30
13   20   30
5   19   14
29   12   60
14   9   17
28   20   23
8   17   10
14   11   29
30   21   31
18   15   42
15   19   25
11   17   28
16   28   19
12   12   12
14   2   14
11   5   37
9   21   42
19   7   29
5   22   19
6   13   33
31   1   18
0   6   16
29   5   44
9   16   17
25   30   27
17   23   32
30   4   44
27   4   44
25   3   30
14   27   7
28   13   28
17   1   28
13   0   28
13   10   31
12   10   36
10   31   16
12   1   22
10   6   12
5   5   20
22   31   27
31   8   33
15   27   19
7   8   25
1   12   63
31   1   30
23   10   23
9   9   34
3   4   29
11   8   13
16   6   21
17   9   27
18   23   33
28   16   21
14   11   47
29   10   18
2   19   18
24   2   44
27   27   27
10   2   18
11   3   28
0   10   63
17   28   25
23   3   7
19   9   42
6   22   31
21   4   16
3   30   25
8   24   34
8   31   12
7   21   37
1   2   30
26   2   18
25   29   20
9   24   33
3   17   16
19   18   19
25   10   18
7   0   44
28   2   37
6   22   25
2   4   24
16   28   24
6   0   29
6   14   25
9   29   10
9   10   22
31   26   34
1   5   18
19   19   22
7   11   42
27   0   18
5   2   48
20   24   33
13   26   25
6   7   27
24   31   17
20   25   44
10   25   20
21   4   13
17   11   10
11   4   24
29   4   42
23   26   34
1   4   14
0   4   19
17   12   16
0   13   37
28   23   35
8   3   22
6   7   30
24   28   24
28   11   7
19   0   15
18   31   33
17   9   24
26   6   30
22   12   28
22   18   23
12   21   52
10   6   27
15   10   13
22   25   44
8   22   18
6   2   25
28   26   42
20   31   13
16   5   34
1   15   25
27   30   14
24   21   8
13   27   13
7   22   29
16   6   37
10   22   48
10   18   29
3   21   24
12   11   18
26   5   20
30   24   20
26   12   21
22   4   44
31   12   12
27   7   13
14   10   14
12   20   27
2   24   14
19   28   32
8   15   37
15   6   42
15   3   22
11   29   31
25   26   13
13   23   17
26   5   13
0   17   14
10   11   10
19   22   17
18   25   16
5   24   34
29   3   7
17   25   14
0   2   34
6   6   22
12   0   37
19   4   13
21   1   29
25   22   25
19   25   28
2   15   19
29   25   27
9   12   25
21   28   17
1   24   31
12   22   25
23   12   28
27   17   29
3   12   26
20   3   26
14   6   13
16   19   7
8   17   23
29   9   20
29   21   25
22   22   28
21   22   39
21   4   7
24   31   25
11   28   51
14   21   23
31   7   10
31   20   12
16   14   20
16   9   27
29   12   24
18   15   12
27   4   22
0   0   13
22   21   34
5   1   19
9   29   31
23   2   23
31   12   14
2   3   21
26   21   21
24   16   26
3   28   34
31   23   7
18   23   23
12   1   10
19   11   20
29   28   32
2   28   51
13   2   29
19   12   13
3   30   10
8   1   19
30   22   26
12   3   7
22   0   33
25   5   28
18   11   25
19   19   7
31   4   44
27   17   25
19   22   25
18   7   34
16   19   23
3   11   37
8   7   21
23   22   10
11   29   44
15   14   19
29   5   12
17   9   31
1   9   17
16   5   7
17   12   28
20   22   37
24   1   14
17   30   34
19   28   33
17   1   27
28   8   17
10   28   30
8   19   3
5   8   18
29   3   19
7   30   29
17   26   31
29   25   42
2   19   7
11   2   23
6   27   30
15   26   27
19   25   44
15   10   31
23   22   8
29   7   33
5   2   34
16   24   18
1   21   37
24   0   30
20   16   18
16   4   16
17   20   27
15   21   61
19   20   24
5   24   23
13   24   14
16   14   21
22   20   18
28   27   31
7   7   23
10   6   61
2   12   24
27   2   16
18   12   32
31   9   17
29   11   32
29   21   31
29   27   23
23   22   19
27   23   31
20   12   22
17   17   18
31   19   30
2   1   29
18   0   37
13   6   30
26   21   8
28   12   30
19   19   21
3   10   33
22   26   20
17   26   24
18   5   13
14   0   30
4   20   8
8   9   16
11   22   21
6   14   61
16   9   33
30   18   22
16   18   32
29   16   28
24   24   26
26   30   30
21   15   32
19   12   17
23   10   29
26   18   10
7   19   3
19   2   20
24   22   32
30   16   20
1   18   21
4   3   26
3   30   33
9   6   26
17   17   0
12   30   32
17   2   17
24   31   18
26   13   20
1   6   32
4   22   37
31   19   29
7   23   18
29   10   29
29   2   21
19   23   8
11   20   44
25   21   39
10   20   30
30   3   28
9   8   10
6   28   22
16   24   22
15   19   22
11   10   14
24   8   26
30   15   33
1   0   19
14   28   51
9   29   32
17   23   42
10   22   19
10   14   18
1   24   7
20   25   22
26   11   12
4   6   17
29   30   17
28   26   21
12   15   24
25   22   27
23   31   18
21   5   42
12   22   32
10   10   32
20   15   21
5   26   51
12   9   17
3   6   17
28   21   30
3   11   42
28   12   42
21   18   33
25   13   42
6   23   19
7   15   8
15   15   12
25   15   12
27   0   33
22   27   51
26   7   22
31   2   55
23   21   28
20   24   7
7   1   34
18   29   42
22   25   37
21   25   10
10   0   24
5   11   32
18   0   15
5   3   37
0   17   20
5   31   28
9   15   32
2   13   17
28   6   25
20   1   7
27   25   25
0   5   14
0   29   27
15   14   28
20   31   51
27   14   19
9   15   19
28   13   12
6   3   23
1   11   22
4   16   19
29   31   51
29   22   51
22   22   13
14   19   29
28   21   33
14   21   32
18   21   8
31   29   29
4   7   13
4   14   32
11   8   20
8   4   28
7   14   12
24   19   27
20   0   29
30   10   10
15   10   17
4   2   48
18   5   44
9   15   12
27   15   13
30   31   17
21   23   29
27   19   39
5   17   25
29   20   18
29   23   20
15   27   22
3   2   21
4   1   21
10   24   8
30   17   23
10   17   26
12   30   30
5   3   14
16   1   15
23   13   19
16   21   39
6   23   16
31   28   37
0   17   21
24   28   33
2   11   34
24   23   21
20   12   27
17   18   37
12   6   34
24   4   33
11   14   29
4   19   20
13   12   52
1   21   33
8   12   26
5   31   29
8   21   22
30   11   27
20   6   20
18   7   23
5   14   16
23   26   13
6   0   55
5   27   14
28   30   13
6   14   31
10   22   27
5   13   7
13   2   44
30   6   33
0   3   22
6   1   31
25   31   17
0   12   13
12   1   18
24   1   19
12   9   10
26   17   16
22   24   25
8   25   29
13   29   26
8   20   8
26   17   23
20   14   26
3   24   18
9   26   28
25   1   21
22   29   22
14   13   32
8   28   13
4   11   26
26   24   31
17   26   17
31   10   7
31   5   25
18   18   7
9   5   16
10   14   27
23   21   16
16   27   7
24   28   29
14   7   33
15   1   44
8   23   25
14   17   19
21   6   47
26   25   28
18   9   17
9   7   12
10   27   33
17   15   22
16   29   20
0   13   30
30   13   12
10   14   19
10   16   31
6   7   21
16   4   26
14   26   13
25   6   26
2   3   55
14   9   61
17   31   30
29   17   22
12   23   20
7   30   12
10   2   34
5   4   30
13   26   19
2   3   7
12   4   20
31   2   24
8   3   10
2   0   32
8   25   37
2   13   29
26   23   17
18   21   39
31   8   21
25   19   23
19   31   16
21   1   32
19   16   32
28   5   12
14   30   25
4   30   17
10   31   44
27   16   22
4   21   17
9   6   7
6   28   20
18   15   33
9   30   51
7   25   19
3   20   42
16   31   44
3   4   34
20   4   16
12   16   8
31   30   48
27   4   20
20   3   23
27   25   10
18   15   23
25   11   17
17   17   24
12   12   22
30   20   34
21   30   33
19   4   19
18   10   21
31   26   24
10   12   7
7   31   24
17   1   18
18   22   37
25   0   31
14   19   20
14   5   32
4   31   18
10   0   55
27   24   19
1   8   27
25   3   42
21   0   30
21   7   22
16   25   31
2   6   14
11   11   25
12   5   28
11   9   18
7   19   23
0   8   42
26   1   26
15   12   27
4   15   27
28   20   13
19   0   22
18   0   26
30   16   18
4   6   32
3   14   18
26   9   37
4   14   10
14   24   26
23   13   7
26   18   32
23   30   21
22   10   18
5   25   24
21   27   22
24   13   13
9   28   17
21   31   27
15   20   52
18   15   18
26   25   37
26   12   26
10   15   37
31   8   26
16   28   32
0   26   34
15   13   7
24   21   22
17   5   37
21   15   26
31   2   23
31   12   32
0   13   28
22   1   29
2   23   31
6   31   24
13   22   8
22   8   47
29   10   27
21   28   51
28   30   30
6   10   13
14   15   13
21   26   44
16   17   31
3   8   27
30   17   21
13   28   12
26   23   22
3   19   33
24   21   25
10   16   17
24   10   25
5   25   30
17   7   30
18   25   14
31   19   21
2   14   33
3   30   28
20   8   61
21   7   18
21   8   21
24   19   34
10   6   31
19   7   24
6   14   19
26   31   22
10   21   10
28   27   12
31   30   17
31   27   25
5   4   10
16   12   22
2   21   26
7   27   23
5   25   10
4   20   23
25   23   31
26   10   18
24   2   42
29   6   31
26   16   34
4   26   48
0   29   30
25   14   24
1   25   24
21   28   20
20   17   24
26   13   7
7   15   33
4   17   31
7   14   16
19   1   28
18   31   10
9   28   30
4   5   34
29   1   27
23   13   16
18   29   44
14   2   16
10   16   16
20   4   22
13   10   28
18   27   19
17   16   26
15   28   37
25   14   32
9   21   37
11   22   29
24   5   51
3   20   8
7   4   16
5   16   27
18   29   7
21   6   17
20   14   42
14   3   7
1   30   42
11   19   18
24   14   7
24   19   12
22   15   30
0   5   28
9   7   21
2   26   16
11   10   7
24   28   37
21   21   37
7   9   7
29   1   22
25   5   20
22   13   27
2   3   37
8   29   33
14   19   7
28   21   17
12   26   16
7   23   31
20   0   61
10   30   12
3   13   13
11   26   23
6   7   10
17   18   61
29   27   30
8   27   10
14   8   30
16   26   27
1   24   16
9   13   24
12   24   42
1   28   26
2   25   37
6   1   7
30   13   60
30   2   10
7   26   51
5   13   10
19   9   61
20   8   24
2   0   28
22   14   17
5   17   8
29   12   7
21   5   20
31   20   42
0   9   20
22   22   8
10   12   30
16   4   13
30   9   21
25   7   47
31   2   7
26   28   16
6   13   17
16   22   37
20   2   21
5   11   31
24   19   39
9   9   31
18   18   19
10   22   52
8   25   20
28   10   13
27   3   31
11   8   27
21   13   30
20   21   17
12   18   16
13   30   21
7   4   33
14   20   37
9   21   23
16   12   18
18   11   28
12   20   37
8   11   14
30   6   25
8   17   20
2   29   26
5   25   7
24   22   19
25   30   25
7   30   17
1   14   32
8   6   8
13   29   27
11   7   32
12   26   7
3   13   21
27   4   27
4   16   34
16   17   30
28   23   25
7   13   13
20   26   16
1   23   25
24   14   21
20   31   18
14   26   18
31   1   13
11   10   23
6   15   10
31   5   19
25   2   24
25   15   29
11   12   10
2   30   33
5   22   33
17   1   15
11   20   14
1   19   10
11   25   28
30   11   7
19   18   26
27   24   37
5   7   61
0   5   30
17   9   23
18   24   32
26   14   42
26   18   25
22   6   30
6   23   37
12   30   31
30   31   7
12   24   22
2   27   7
1   28   34
15   1   20
10   20   42
15   6   28
29   17   42
0   31   51
13   14   25
2   24   42
6   5   20
11   22   12
1   0   13
9   11   30
28   27   32
12   2   24
23   10   33
1   5   34
13   28   51
14   13   21
15   16   33
8   4   31
22   27   23
23   14   42
26   21   20
10   21   23
29   2   18
28   6   23
0   23   25
20   28   24
23   20   35
21   14   17
19   21   42
4   25   30
10   12   42
8   4   23
29   9   22
1   27   23
28   3   44
14   7   27
12   16   42
23   3   26
27   16   37
9   6   18
6   4   26
29   23   10
15   28   17
25   18   13
31   22   51
8   28   51
4   18   33
0   5   29
2   2   16
21   12   10
15   27   16
18   17   27
15   4   18
5   12   34
16   29   28
15   23   12
20   17   16
5   6   8
7   10   30
3   29   48
13   5   16
15   30   31
16   10   47
16   25   10
12   10   27
31   17   23
24   0   22
11   30   32
6   26   32
29   3   34
11   13   61
6   4   8
23   20   24
7   31   31
12   28   26
10   2   13
15   10   16
24   19   37
25   11   23
9   12   29
18   2   18
7   7   24
3   19   25
1   9   21
31   15   25
6   28   26
18   29   51
0   20   31
12   2   16
10   21   14
15   6   32
16   25   16
24   23   23
20   12   34
7   6   12
21   15   18
28   31   51
17   20   30
8   30   27
31   9   28
14   9   42
3   30   24
11   2   42
15   26   13
7   28   7
3   27   31
7   23   44
16   26   12
12   21   17
23   2   30
27   7   42
17   0   20
26   13   33
10   22   12
12   16   7
8   2   29
31   15   16
24   12   24
25   13   30
4   6   8
24   23   16
2   10   28
15   6   30
31   3   14
24   7   18
17   31   10
18   7   22
9   22   18
8   30   8
17   29   13
0   27   26
20   24   30
30   30   37
26   21   13
29   14   17
19   29   51
1   24   20
1   30   27
4   19   12
18   24   18
16   25   26
10   26   28
24   28   51
13   30   30
16   15   13
22   30   24
18   23   12
23   25   31
21   14   28
2   0   17
30   25   28
22   15   25
20   21   52
30   2   27
16   3   61
26   17   37
19   10   33
25   12   34
17   12   20
10   18   25
29   24   28
8   22   27
18   0   17
7   6   28
14   30   37
5   22   29
11   19   32
24   20   35
7   3   19
3   3   13
17   2   32
22   3   37
22   4   28
29   29   31
20   15   20
24   31   27
5   18   17
25   26   42
1   4   55
7   13   31
16   13   29
9   24   8
3   17   61
1   28   48
6   1   19
15   30   25
19   23   31
9   22   24
16   15   42
28   14   10
6   1   37
4   5   61
0   8   27
5   29   18
16   11   25
30   23   19
8   3   14
30   19   44
14   6   8
2   20   30
2   5   61
0   13   25
22   2   17
29   30   37
0   14   18
6   0   14
28   26   16
13   23   37
1   0   21
24   5   31
4   1   55
13   31   37
2   25   44
9   7   32
21   27   31
23   9   24
31   5   34
10   4   30
4   8   14
14   17   17
24   23   17
4   6   10
21   27   19
20   10   29
9   28   12
8   6   61
11   28   26
2   13   22
5   23   16
19   15   31
17   24   8
30   15   32
9   7   17
30   30   16
15   10   47
31   20   27
15   3   61
26   3   24
27   19   8
5   21   42
19   11   37
6   16   20
1   31   29
7   2   30
30   13   26
5   1   24
22   20   24
7   0   32
8   19   13
23   13   37
28   5   28
2   23   28
29   22   17
16   20   19
19   15   18
2   13   13
14   31   33
17   13   32
28   28   22
28   3   42
22   5   42
16   6   20
3   7   30
8   1   20
15   25   23
21   30   24
0   18   34
6   16   23
30   14   19
30   14   24
11   7   21
0   29   29
27   26   26
30   30   31
7   14   18
18   22   13
18   31   22
25   16   16
31   22   31
13   27   33
25   27   28
11   27   37
4   26   33
24   0   26
26   23   12
21   31   37
21   13   16
17   20   25
27   20   51
27   0   19
14   21   28
16   5   24
18   12   37
5   2   23
10   17   20
7   6   29
23   28   12
13   16   20
16   25   13
14   21   48
11   30   16
12   8   31
31   13   19
20   0   15
16   29   25
23   4   31
23   10   30
3   14   17
30   14   25
7   16   17
11   29   25
6   13   24
25   21   34
8   7   12
11   2   7
3   12   29
23   10   32
4   20   44
2   14   53
6   22   13
9   27   27
14   20   61
24   31   34
2   24   29
23   1   44
23   29   15
17   21   52
27   28   30
24   18   20
0   26   33
1   20   8
1   8   61
2   0   34
4   20   7
9   28   16
2   1   44
1   28   14
14   21   25
6   26   51
29   13   34
7   5   61
24   6   20
11   19   13
28   26   29
18   23   22
10   26   32
2   19   34
14   28   27
3   18   14
14   22   52
27   6   34
13   3   42
15   18   42
28   29   17
14   21   22
1   20   26
21   3   23
17   4   61
3   25   41
17   11   42
26   1   37
26   31   12
25   3   7
17   30   7
9   22   48
13   9   7
10   2   32
20   10   7
21   7   61
30   25   21
14   1   17
11   11   12
26   9   25
19   27   10
28   12   60
9   12   20
13   20   61
22   21   27
26   0   34
24   5   28
16   21   8
14   30   42
27   19   17
4   17   29
3   19   23
30   25   32
29   20   7
30   24   18
11   5   61
3   0   12
31   4   42
12   13   61
5   0   21
21   23   8
14   2   34
3   28   29
5   21   28
22   23   33
2   16   16
17   24   22
0   30   48
27   23   16
21   29   21
9   0   55
6   22   8
18   24   26
16   0   22
28   31   18
17   18   13
13   20   44
10   18   32
23   30   28
18   22   52
30   16   16
25   9   22
0   11   24
4   11   12
29   20   32
1   21   42
19   5   30
17   0   19
5   20   22
23   20   27
3   26   27
11   11   42
28   27   44
12   22   21
19   8   47
13   29   18
9   1   13
24   3   7
7   1   55
30   21   29
20   23   13
2   5   25
23   31   29
1   16   61
29   8   10
6   19   34
14   12   37
22   16   21
16   10   17
9   20   44
19   26   12
26   1   27
29   29   44
12   9   14
18   7   7
21   0   34
4   16   42
12   17   31
4   6   37
7   10   34
2   2   10
24   24   44
15   6   19
23   19   21
23   25   26
10   23   13
9   4   61
10   16   24
13   0   20
0   16   61
21   27   23
22   14   42
16   22   29
0   9   26
30   6   22
27   11   17
25   1   14
5   26   17
22   12   12
28   16   19
25   24   19
8   25   19
2   16   37
28   19   31
26   15   22
0   1   24
6   11   42
28   7   14
22   21   22
19   16   34
8   1   25
28   18   24
14   9   19
27   20   32
10   5   23
29   21   44
14   2   18
25   21   20
23   31   19
20   23   21
31   5   29
3   20   34
2   25   41
1   20   22
0   10   34
1   25   51
12   30   21
3   6   31
5   29   20
15   18   37
1   8   20
29   25   35
6   23   24
29   17   23
16   26   33
1   15   24
30   7   18
20   29   17
10   28   25
3   10   14
7   25   52
6   6   28
7   11   32
8   28   28
14   28   44
31   15   22
24   26   20
3   7   10
9   19   31
30   26   10
20   7   18
18   9   27
5   4   22
19   5   44
31   22   32
26   14   29
14   4   21
17   20   29
0   13   33
26   8   34
30   22   24
24   11   32
25   18   8
22   9   13
17   7   33
10   30   19
29   10   21
17   31   33
11   11   33
13   19   33
15   30   29
1   15   18
7   10   14
28   29   23
23   24   33
21   15   20
4   3   7
3   11   25
4   1   31
22   31   19
15   7   29
17   18   31
26   25   24
11   29   14
6   18   30
5   14   19
3   15   53
1   6   12
5   10   17
15   16   23
27   16   26
1   10   42
22   24   12
8   11   22
3   1   37
25   15   28
12   4   33
20   13   37
12   25   10
15   7   21
16   2   10
19   29   42
13   13   32
1   20   12
23   21   29
27   22   35
23   13   10
30   30   51
14   10   16
17   23   28
18   11   29
8   8   24
10   28   22
29   15   30
18   16   16
6   14   16
15   22   44
18   0   30
15   22   8
28   30   26
18   22   46
21   3   31
4   8   16
6   22   33
16   17   16
26   1   51
3   26   14
31   12   42
20   23   29
25   14   27
14   16   27
1   20   14
12   13   20
9   14   18
1   30   12
0   3   44
5   2   7
1   16   20
3   8   24
9   3   33
7   29   22
4   4   22
1   14   30
13   27   23
22   5   21
7   29   10
10   6   21
0   31   12
15   20   17
12   0   14
5   8   27
8   13   34
15   2   13
5   22   26
12   20   44
2   24   22
30   20   8
16   10   23
19   20   39
17   17   7
22   1   31
21   15   22
8   20   44
18   5   42
9   23   34
12   13   52
20   5   19
12   30   25
28   26   37
16   1   31
14   3   28
19   30   7
31   11   27
6   30   44
7   6   8
10   13   14
12   28   28
24   23   13
20   5   17
16   29   42
4   11   28
24   27   12
13   8   20
28   18   44
12   21   12
30   1   19
30   7   31
27   1   24
9   14   33
20   21   34
13   0   17
31   26   23
1   23   30
16   14   37
16   11   10
2   15   20
15   20   18
0   27   14
21   25   32
16   18   33
7   22   12
21   28   25
28   19   27
26   2   21
21   4   25
8   15   61
22   13   22
14   19   24
13   11   24
20   27   26
27   23   13
2   14   21
6   24   48
17   7   29
26   22   18
7   23   24
10   6   33
30   3   29
20   0   30
13   11   13
12   29   19
25   15   26
15   15   32
30   17   37
17   10   14
0   26   44
29   31   26
31   23   35
12   6   19
13   14   22
13   13   8
8   9   13
26   29   13
16   2   23
4   26   32
13   1   15
11   30   17
15   23   7
31   20   8
18   5   24
21   11   23
21   6   24
31   1   32
31   0   16
5   28   22
30   30   26
7   21   42
20   22   31
0   25   20
16   22   44
13   5   33
15   22   30
29   8   26
16   23   17
30   19   7
6   20   42
7   21   34
7   19   7
6   20   3
4   16   22
29   4   28
20   18   32
0   9   32
4   9   29
31   4   22
0   30   18
29   1   16
22   9   16
23   12   25
27   26   29
20   25   23
24   25   28
9   29   14
6   14   12
28   13   22
7   7   21
7   31   18
22   27   21
27   0   37
27   26   22
3   20   26
1   24   19
14   11   28
7   19   32
27   29   34
7   6   17
28   5   34
30   12   29
17   8   19
11   30   29
9   27   26
11   21   30
26   15   17
10   29   21
31   10   31
11   29   18
27   20   44
16   28   51
8   26   23
4   19   3
24   19   42
8   15   30
8   11   7
12   2   12
30   4   12
22   23   42
9   0   44
0   21   29
31   22   19
27   27   28
17   24   26
9   28   29
2   25   24
8   16   31
17   28   51
19   9   26
9   8   14
15   19   29
27   8   37
8   17   33
27   12   12
4   31   23
30   25   33
24   7   8
8   0   32
2   2   12
1   31   44
23   29   27
26   7   8
11   18   7
29   7   14
1   3   7
5   12   42
13   7   27
14   26   10
12   4   13
4   14   37
6   20   28
13   28   34
0   23   51
2   10   27
21   22   12
0   22   18
19   23   37
31   13   13
12   6   32
14   25   14
4   12   53
22   9   29
10   26   29
16   6   42
15   2   27
4   19   16
17   6   7
18   13   13
8   0   7
9   29   23
11   6   29
17   8   13
6   9   7
20   22   27
20   10   33
2   1   13
25   1   19
22   16   37
2   11   31
7   22   16
3   5   18
25   1   22
10   13   23
11   16   24
13   14   16
27   30   42
10   22   7
7   7   26
8   7   33
31   12   18
16   30   29
23   22   39
30   16   61
27   28   44
3   17   20
13   5   32
15   5   34
27   18   20
12   30   27
18   7   33
27   4   21
30   6   37
4   31   27
3   16   30
11   23   8
3   9   61
4   27   20
26   26   23
12   15   33
4   22   10
1   11   10
14   24   30
9   31   48
23   4   37
6   12   18
25   13   10
8   6   37
3   8   12
11   15   22
18   4   31
0   1   20
25   2   44
27   12   33
16   26   30
9   1   24
22   15   26
14   19   42
22   3   7
9   13   42
27   1   25
22   15   7
30   8   14
13   4   19
17   23   44
2   18   23
5   14   37
8   21   48
9   15   7
0   19   8
18   24   30
15   22   31
13   6   23
28   12   18
9   1   22
13   6   61
12   24   14
17   26   37
0   10   12
23   7   17
27   3   26
14   29   22
10   7   16
21   19   27
20   25   19
23   10   34
3   19   44
13   0   31
9   19   14
23   2   34
19   6   27
23   2   33
20   27   28
31   17   34
21   10   34
21   28   7
13   15   37
18   30   21
24   10   34
19   11   22
27   28   32
25   6   32
2   10   32
21   6   28
9   1   8
15   29   51
26   21   54
15   16   21
21   31   18
0   27   19
27   14   7
28   23   28
19   20   52
17   1   23
20   13   19
8   24   24
24   31   21
24   4   24
21   28   26
29   9   13
10   28   37
25   27   51
16   24   14
6   31   21
30   18   10
10   18   33
21   10   33
18   23   28
23   7   18
6   1   18
8   28   26
0   2   10
5   3   25
8   13   17
28   6   10
22   5   23
10   8   17
0   29   23
20   31   34
25   8   13
24   15   16
16   18   28
26   2   42
27   6   28
15   19   20
18   20   17
7   22   48
2   3   22
4   14   61
19   9   28
29   29   33
23   17   26
3   16   19
30   7   16
8   20   28
1   25   41
0   20   12
24   10   37
30   21   51
7   5   13
4   9   23
13   23   31
12   21   30
0   4   37
11   10   16
3   9   16
18   25   31
25   27   23
8   31   48
17   19   19
15   25   21
3   2   14
29   22   21
1   14   53
15   29   28
28   1   33
13   10   14
3   1   16
14   0   26
9   4   29
10   0   17
16   5   30
12   14   32
12   0   17
21   22   34
28   29   14
8   9   20
31   28   22
0   22   28
18   15   22
26   2   44
30   3   30
1   30   32
10   30   7
14   30   24
31   19   61
20   23   10
8   15   19
22   23   16
11   22   19
8   16   24
30   6   32
13   3   22
25   13   19
9   28   7
29   0   13
0   24   37
24   13   22
16   8   19
24   16   28
6   18   26
8   0   55
11   18   31
4   30   10
8   31   18
27   13   60
31   13   37
6   10   32
6   0   13
19   18   29
20   14   25
23   24   44
13   11   10
31   21   18
27   15   23
30   8   20
4   2   25
27   24   33
23   2   32
11   18   23
16   13   26
9   24   19
2   26   12
18   29   24
12   31   23
12   13   25
0   14   22
27   9   14
4   2   24
22   25   31
18   7   20
13   20   52
19   31   23
30   12   30
14   13   22
1   15   19
23   18   32
19   17   30
21   29   42
27   4   12
13   18   7
7   28   13
10   16   8
14   16   26
5   3   16
8   30   21
22   24   32
11   31   10
11   31   27
31   10   24
26   14   30
17   21   39
12   10   16
1   21   29
5   12   13
25   22   22
26   14   31
2   30   30
20   11   23
28   29   27
28   3   16
0   7   23
24   1   23
2   10   63
1   12   14
29   31   10
27   28   12
28   18   20
22   30   15
4   18   18
21   12   7
10   30   51
24   0   13
19   31   29
29   8   23
13   19   10
6   21   7
24   7   27
17   0   16
5   19   3
15   27   34
18   8   47
27   20   12
13   16   23
29   5   25
9   8   27
11   10   19
11   16   27
0   9   31
2   19   27
1   23   44
25   14   25
12   26   33
1   0   20
9   9   37
18   10   19
23   26   32
24   4   29
16   18   27
19   7   7
12   25   8
3   28   51
15   10   20
0   17   42
21   12   25
0   17   27
5   27   13
24   14   19
3   12   34
1   17   34
0   2   25
23   27   51
21   21   42
3   11   7
29   16   12
18   21   10
3   27   44
14   26   34
25   30   34
0   23   35
8   8   32
6   31   27
4   13   25
7   16   22
24   12   29
26   28   29
17   15   33
15   29   42
27   31   13
30   16   42
6   5   16
31   31   10
18   15   20
22   15   33
17   15   12
26   26   19
12   29   51
15   19   26
18   20   21
2   15   42
2   14   25
18   16   26
1   17   17
23   4   13
4   23   24
17   12   25
21   21   52
11   20   10
5   14   53
26   23   42
9   17   28
0   31   31
15   31   10
3   19   37
22   16   19
14   27   21
4   2   33
7   4   37
14   9   20
25   27   37
24   4   12
27   24   24
2   0   31
31   10   30
0   2   33
14   10   18
6   18   32
3   4   55
24   14   10
28   16   16
20   22   42
28   12   33
1   13   33
0   17   32
13   7   21
2   22   33
11   16   37
13   5   12
19   31   26
13   7   37
2   0   19
24   27   31
16   7   44
25   14   33
7   23   8
18   13   10
6   1   48
20   2   44
23   23   25
14   6   24
19   10   25
30   27   44
3   29   30
13   3   24
12   6   21
28   16   32
5   27   25
11   21   25
15   12   18
14   3   29
6   7   34
28   5   29
23   15   12
12   16   26
12   23   23
0   30   7
31   22   17
24   4   16
16   20   25
22   22   10
6   23   17
22   18   29
6   2   12
13   16   19
23   10   27
19   27   13
1   6   31
17   8   21
6   31   33
8   0   24
29   29   25
7   13   61
20   25   8
17   28   29
23   15   20
31   5   37
22   13   20
22   8   19
9   14   26
8   15   29
11   28   34
19   25   30
26   24   51
19   27   21
5   8   21
18   30   25
25   25   21
21   12   37
11   22   48
29   27   19
2   15   12
2   6   18
7   20   14
29   0   24
12   2   29
16   1   18
15   1   7
8   8   27
22   22   39
13   20   18
0   13   53
18   8   26
8   21   17
5   21   31
3   0   32
27   5   23
25   27   12
11   0   55
26   1   14
15   24   14
17   23   33
11   2   30
22   26   30
9   14   16
6   9   37
12   4   42
9   3   28
11   30   12
14   18   31
10   6   37
30   30   25
15   7   26
16   30   37
17   7   34
1   31   25
9   5   23
22   7   24
4   28   12
27   22   18
24   25   10
31   20   20
4   25   29
8   28   16
26   18   39
22   13   34
7   3   48
25   8   16
18   1   28
30   1   21
19   7   23
19   17   28
30   23   35
29   27   14
6   31   34
29   25   34
4   31   44
9   23   25
9   30   18
10   6   26
15   7   10
11   21   52
15   23   10
13   5   34
15   0   33
10   26   31
11   24   22
16   10   14
15   27   24
13   24   29
21   21   30
1   13   37
13   13   42
24   23   30
14   2   15
29   21   37
2   16   44
9   11   8
0   19   24
12   31   44
9   26   20
24   14   33
5   13   20
10   10   13
24   7   47
2   23   25
26   21   35
14   7   10
25   24   10
27   29   51
13   24   20
21   3   19
26   3   17
11   6   8
14   20   44
21   0   15
10   10   25
1   22   32
14   29   32
20   13   30
4   10   18
3   5   20
30   25   12
26   0   32
25   24   32
29   24   16
1   11   7
17   19   21
12   11   30
9   20   22
3   23   22
24   16   31
18   18   61
12   30   34
25   25   33
26   13   24
0   13   10
26   6   29
15   8   33
29   20   61
23   26   30
28   29   34
5   12   22
10   14   12
17   30   21
10   5   14
14   5   22
23   7   21
15   27   26
1   1   16
4   17   14
9   16   27
2   28   23
3   24   32
23   18   34
0   9   21
2   28   48
10   6   19
31   22   14
8   27   31
29   19   8
22   7   26
26   5   7
0   24   10
11   24   33
9   13   23
0   16   16
16   9   28
7   22   30
25   28   26
4   27   26
1   30   10
31   16   33
27   20   42
2   12   30
8   13   42
18   14   24
17   0   26
4   2   30
27   17   30
18   3   29
0   24   41
13   22   22
21   3   44
23   29   16
23   3   25
6   23   29
29   23   29
5   21   18
22   15   31
2   23   17
14   11   25
25   13   20
28   4   22
6   21   44
27   3   17
18   2   32
5   21   20
13   18   27
18   23   20
17   8   26
28   11   37
26   15   27
31   19   44
11   1   33
8   4   26
18   28   34
9   14   61
30   28   14
13   3   10
10   4   22
21   13   13
6   19   22
7   25   28
27   18   27
31   27   26
15   18   16
26   24   44
3   7   23
2   19   61
10   0   48
11   21   17
22   4   32
5   1   55
12   4   61
0   15   19
25   6   25
1   5   33
11   9   17
21   24   13
30   6   23
16   2   17
8   21   52
28   20   34
7   7   27
16   9   31
18   14   31
1   15   31
7   1   20
11   18   26
25   22   35
17   21   20
29   20   54
23   30   24
6   22   27
7   29   27
4   28   34
6   28   28
23   6   20
19   5   31
0   8   7
23   18   18
27   12   31
18   31   20
4   10   21
31   31   31
28   1   19
4   25   31
20   0   33
31   2   27
15   10   14
26   9   28
19   6   32
30   17   28
31   9   20
19   0   17
29   17   33
3   6   22
20   5   37
29   2   29
30   14   13
27   8   29
27   21   54
4   15   24
11   8   34
2   11   7
25   23   29
25   21   17
10   29   23
28   21   54
31   31   28
12   18   28
31   18   10
18   0   61
30   29   23
18   31   23
15   24   33
14   15   12
3   26   20
26   29   20
22   0   18
14   27   29
10   23   44
22   5   22
1   5   23
