20   26   45
12   1   47
30   12   4
15   24   15
27   0   49
25   27   0
11   2   58
27   30   0
7   18   39
31   13   55
29   18   57
8   22   39
16   4   46
16   31   2
21   5   11
21   3   38
19   25   2
31   14   52
11   14   5
9   28   9
25   11   11
28   12   51
3   7   42
3   18   63
4   9   2
23   6   11
17   8   63
11   21   9
27   13   44
6   29   35
11   29   58
21   0   11
30   24   13
4   17   2
1   25   62
8   8   50
21   6   59
14   0   49
10   16   58
28   18   43
2   16   58
23   21   56
1   9   0
0   28   36
14   3   59
19   29   53
27   21   63
12   20   41
13   23   35
19   20   46
6   16   9
6   21   5
19   19   43
21   29   55
19   25   53
21   24   46
24   20   40
22   6   54
11   3   1
14   2   50
23   28   43
13   17   58
31   7   15
19   19   0
21   30   54
7   9   54
3   29   15
14   3   8
16   22   60
22   9   56
15   22   9
0   5   58
7   9   46
5   8   54
29   2   5
28   9   40
8   13   55
7   7   60
10   6   57
25   22   5
12   12   43
30   19   50
0   4   59
3   6   51
1   19   35
4   16   1
19   31   36
9   30   40
22   30   40
31   1   63
12   3   3
14   13   53
5   11   54
27   0   1
8   9   52
22   22   55
3   19   63
28   13   8
0   27   38
22   1   11
2   1   35
13   21   49
1   27   6
19   24   49
28   23   62
25   30   4
24   30   46
26   29   47
1   21   1
21   27   61
11   2   63
18   12   59
14   20   14
30   9   52
20   6   56
4   8   4
14   13   15
0   29   50
13   17   35
10   11   3
28   12   2
9   27   60
16   1   14
16   7   8
1   23   4
22   20   15
1   9   57
20   31   49
9   7   59
22   28   47
23   28   0
22   26   14
22   15   56
19   8   3
17   24   14
11   5   51
16   13   46
13   6   50
4   13   43
25   8   50
7   21   39
14   12   38
21   2   10
27   15   39
15   13   48
16   24   50
16   23   50
6   14   58
5   22   56
17   14   63
29   12   56
21   10   49
3   16   11
9   17   0
1   17   4
17   17   3
22   29   7
0   17   1
13   6   54
12   28   43
7   28   56
22   9   38
27   13   36
22   2   63
24   4   57
23   20   38
0   24   45
5   28   1
14   1   62
25   23   11
14   11   9
11   31   35
8   0   61
6   30   43
21   2   40
14   15   35
23   30   62
22   10   5
5   5   59
16   11   53
27   18   6
16   24   5
8   12   45
9   2   0
5   7   40
3   28   4
8   12   6
23   30   8
12   0   41
3   0   49
16   19   57
7   24   39
1   31   15
5   30   39
2   7   50
29   27   9
8   25   54
21   30   39
29   21   49
13   11   62
11   5   56
19   4   39
22   4   35
21   21   49
13   13   58
6   7   62
23   22   38
11   31   36
10   5   4
24   6   2
9   18   0
8   2   54
9   29   47
27   3   39
12   0   36
24   9   60
2   12   41
24   20   4
24   2   2
30   17   51
31   21   52
13   22   14
17   1   57
11   25   34
19   22   0
4   24   50
26   28   61
30   5   63
25   18   35
19   15   14
18   9   15
1   15   43
3   20   56
29   0   11
3   31   39
6   15   53
10   27   58
1   16   50
30   14   35
2   1   2
11   15   15
0   6   63
8   7   38
23   7   63
16   16   38
5   0   57
28   9   47
0   26   2
7   19   6
26   15   41
20   3   36
19   2   6
23   27   52
7   9   58
23   18   14
2   6   2
26   13   46
20   15   57
26   3   11
24   28   6
23   31   62
30   28   46
12   1   50
7   25   6
5   25   59
27   12   47
2   31   38
28   19   39
17   14   58
30   12   57
9   13   57
8   16   59
0   9   43
11   27   6
15   28   6
22   6   36
8   27   63
15   2   48
22   29   60
19   22   1
15   28   0
28   0   15
22   6   57
6   19   2
17   12   50
4   20   62
30   17   54
26   6   49
20   14   40
31   6   57
29   9   11
7   16   2
29   0   2
23   20   53
30   29   3
4   10   38
12   2   35
1   5   51
0   25   15
21   22   48
5   30   0
22   17   55
11   31   49
25   20   35
17   12   11
24   3   49
23   28   5
24   26   2
17   20   9
18   17   41
0   20   40
10   0   5
29   22   60
4   22   59
8   18   53
22   18   50
27   6   62
7   29   53
22   28   60
1   29   45
12   16   35
10   21   47
13   22   38
1   12   3
19   12   6
20   13   43
2   6   15
10   9   57
19   10   54
12   13   56
21   11   35
13   26   35
22   10   58
2   29   39
1   18   54
11   4   11
15   28   45
27   22   47
13   29   41
12   8   58
29   0   45
31   31   8
21   26   63
13   17   57
23   26   52
21   13   3
4   4   43
0   18   38
19   0   48
12   3   58
11   24   45
15   4   1
27   10   39
0   27   15
11   14   56
7   14   55
27   31   56
25   6   53
7   2   36
15   3   39
4   25   47
13   11   52
20   15   6
0   1   45
31   12   1
31   0   9
12   17   48
1   15   44
8   23   5
31   16   54
7   29   59
2   23   2
7   18   5
15   3   47
11   18   34
21   29   0
18   2   53
13   21   36
16   6   2
18   24   48
28   29   38
5   22   63
16   6   63
2   0   40
20   20   3
6   31   61
22   12   1
22   2   41
5   15   11
17   15   59
11   10   46
0   2   4
18   1   39
11   5   0
3   14   59
5   13   2
13   11   46
8   16   48
13   15   56
9   20   51
3   16   39
5   1   36
11   16   44
26   6   39
19   12   63
14   12   49
12   9   25
27   4   60
25   31   39
25   24   47
6   12   51
17   6   41
13   5   59
13   20   38
14   4   59
12   11   48
31   3   4
4   15   49
23   1   45
22   20   48
2   22   1
21   28   1
6   12   55
12   3   60
1   25   0
16   16   45
22   25   11
5   9   59
0   4   63
16   19   46
3   19   9
11   14   3
3   3   45
1   29   4
15   9   6
27   19   59
27   13   1
23   7   11
22   17   14
14   29   5
31   14   54
21   13   4
5   24   59
20   0   35
9   21   6
13   17   53
29   21   40
1   7   1
11   22   15
17   21   51
28   4   62
9   4   9
3   22   45
9   11   60
1   13   39
0   12   19
31   22   48
6   24   47
7   28   39
9   31   62
24   17   11
20   3   10
27   31   46
31   28   62
8   24   57
5   2   50
30   7   52
4   11   43
29   24   46
3   2   63
31   8   2
22   10   63
5   20   21
15   3   12
3   15   57
14   4   50
22   21   53
11   3   48
30   3   8
4   30   42
15   6   8
24   29   57
20   14   52
28   29   63
5   5   15
2   22   38
30   7   36
14   25   35
10   8   49
7   20   0
25   17   62
19   13   1
8   3   49
22   19   52
10   10   41
21   0   6
23   27   11
10   9   1
18   17   38
25   20   41
7   14   4
27   12   54
14   22   55
23   31   11
23   16   8
19   30   14
28   10   38
9   27   40
15   22   6
24   13   5
22   3   62
3   7   46
7   24   15
11   30   46
9   31   63
2   4   57
10   6   36
9   11   2
0   7   53
6   11   44
23   14   48
18   31   48
1   25   63
27   1   57
17   18   36
8   15   6
2   18   52
13   29   43
18   25   36
6   17   9
31   9   4
22   10   35
17   15   41
15   12   15
10   15   46
11   2   38
27   14   11
21   5   53
11   3   36
1   17   6
30   25   50
4   18   45
6   27   50
6   14   57
19   19   40
20   25   46
20   20   62
6   19   53
11   23   53
19   25   57
25   12   0
1   7   39
9   27   46
18   5   57
8   29   57
9   22   5
17   16   11
1   27   49
30   30   55
9   22   53
30   17   50
18   21   47
17   4   49
20   29   38
25   2   0
16   9   39
24   5   58
10   13   9
27   14   5
12   2   9
24   24   41
30   9   5
17   22   5
21   10   41
13   1   56
23   30   36
22   22   52
9   14   11
18   8   43
14   12   51
21   3   43
4   23   43
4   31   2
28   30   61
14   0   3
30   20   43
4   30   9
29   28   50
30   29   5
26   1   9
4   15   63
14   0   2
11   7   48
4   30   36
30   6   6
24   23   5
29   29   40
3   6   47
6   10   40
26   26   59
20   19   41
29   10   15
12   2   2
16   23   5
2   21   0
2   21   47
7   4   47
13   31   59
24   28   36
26   15   46
1   1   49
3   13   36
14   11   51
21   3   5
6   6   6
22   9   2
13   27   43
19   16   59
15   5   38
23   2   11
28   26   3
11   23   36
30   31   58
30   13   51
21   12   48
10   18   48
22   3   8
26   18   52
20   2   8
3   11   4
31   28   21
19   22   44
23   12   61
23   28   41
22   3   54
6   15   9
25   26   48
25   9   58
30   9   46
27   20   55
9   25   57
23   18   54
27   25   2
9   7   57
13   16   0
11   27   38
24   20   56
24   25   58
19   17   60
20   15   1
31   27   39
22   15   35
7   25   50
0   26   60
0   3   49
27   1   46
21   28   62
16   18   55
11   15   55
22   25   5
24   0   46
18   7   50
11   14   59
18   19   59
14   1   59
23   23   49
5   19   21
29   2   3
1   24   40
12   10   62
7   10   3
8   11   40
31   7   57
9   14   39
21   27   43
1   25   46
6   9   5
16   5   14
22   18   49
30   3   6
12   17   54
27   19   40
4   30   38
29   21   35
24   9   63
14   0   57
19   23   3
8   2   62
12   17   46
22   31   8
0   22   4
1   26   54
6   7   51
30   6   56
13   9   62
16   11   50
30   20   0
10   22   36
28   12   40
25   8   35
11   20   34
16   7   45
10   9   63
13   1   36
27   20   5
9   13   54
13   25   45
13   18   14
2   30   46
19   15   60
28   8   48
24   24   0
29   2   46
11   15   57
5   31   47
30   31   0
16   1   41
7   16   60
26   27   47
28   24   4
4   21   21
18   14   2
31   15   58
13   16   15
7   29   63
14   12   4
2   14   56
9   2   56
10   27   54
15   18   1
14   28   41
5   1   59
10   21   40
17   19   56
27   5   5
13   0   63
22   11   6
10   14   50
5   15   28
26   11   47
13   15   63
31   20   47
30   10   3
15   13   45
11   16   34
24   16   0
0   26   4
22   31   0
1   23   15
5   19   57
21   10   53
3   2   60
24   13   53
25   19   57
29   17   57
10   22   1
0   31   54
23   27   59
2   27   4
29   17   5
14   4   4
15   26   43
3   10   42
11   4   0
29   11   15
16   19   9
8   0   46
15   7   58
23   5   56
17   16   1
21   23   63
11   6   39
1   22   58
22   4   58
16   19   38
27   8   45
28   9   48
28   0   53
27   12   5
3   13   15
16   4   3
20   28   46
20   18   2
16   20   8
10   7   43
6   3   39
2   3   42
5   26   55
23   31   41
12   1   60
2   0   5
25   8   11
18   12   57
14   27   47
27   20   45
2   21   15
4   7   45
19   0   14
20   1   55
25   5   36
20   1   52
11   16   39
13   10   56
2   6   39
31   27   52
13   30   0
8   24   36
9   13   59
31   20   48
14   31   38
16   5   35
27   10   59
4   12   9
21   1   61
8   18   6
19   25   43
20   13   51
7   1   53
3   12   47
14   13   36
29   31   45
0   12   6
24   13   11
14   0   4
13   22   58
5   26   35
13   19   14
17   29   61
19   26   5
29   23   60
27   26   9
8   12   56
12   22   3
14   19   5
23   30   47
13   3   38
30   3   53
17   7   39
21   2   43
4   8   58
13   26   36
16   23   11
17   31   43
21   29   40
7   6   59
28   8   57
1   26   63
23   16   2
12   30   38
19   14   46
18   21   45
26   23   45
11   9   49
30   28   55
23   2   61
15   15   51
17   20   1
26   2   56
20   22   61
3   19   40
4   1   15
11   5   60
6   30   53
2   14   50
24   8   5
23   1   63
16   17   59
26   8   47
10   13   49
18   23   14
19   8   15
11   12   63
2   30   15
20   5   2
0   5   49
26   5   15
27   7   43
1   27   61
15   20   63
28   27   58
0   25   54
12   3   45
13   15   40
29   5   6
4   12   52
9   24   49
13   10   53
19   5   6
30   0   6
16   18   11
21   3   60
28   16   35
14   0   55
20   16   35
4   27   41
2   21   54
10   18   44
25   18   55
25   25   47
22   20   14
0   13   50
11   18   46
22   17   46
27   28   15
21   14   35
13   10   15
5   1   46
25   23   9
3   20   36
21   10   46
27   4   41
22   5   41
28   20   1
16   17   1
7   5   50
11   10   1
0   4   2
19   12   14
23   11   19
0   23   50
23   13   48
15   31   1
25   17   36
31   5   57
31   12   60
19   26   57
5   18   2
31   15   5
9   5   43
17   7   1
29   4   36
10   9   4
10   20   50
10   22   51
4   12   43
9   29   3
19   9   14
11   29   15
21   9   62
27   25   3
15   31   47
2   29   2
9   27   56
27   26   62
25   8   63
7   6   41
20   9   45
4   26   57
18   30   2
31   2   36
30   21   5
27   23   46
30   27   1
13   5   11
13   5   53
4   21   46
29   5   47
10   17   38
20   30   55
3   0   47
7   7   6
10   26   1
2   1   56
6   24   38
9   13   41
18   18   9
28   7   8
19   28   15
8   28   49
27   11   5
5   28   41
27   30   52
14   4   5
19   20   36
4   10   53
1   9   63
1   24   0
12   10   38
1   7   3
1   20   39
8   15   5
24   6   63
2   2   35
12   22   2
31   15   62
21   24   43
17   20   51
15   8   1
8   10   44
31   10   54
27   17   39
19   28   11
5   23   63
8   8   9
31   7   60
30   6   9
21   5   10
9   0   53
2   6   3
28   8   8
29   27   43
6   22   6
6   11   59
27   27   45
15   1   63
4   26   61
13   20   15
21   17   58
25   5   45
14   19   15
27   27   3
22   25   62
20   27   60
14   20   40
23   8   2
29   29   13
1   14   1
5   31   53
22   21   41
28   0   50
27   14   3
21   22   14
31   23   55
28   30   2
27   29   54
6   13   46
0   6   58
18   1   0
19   15   55
30   14   8
1   30   1
30   1   11
16   6   14
13   7   49
29   27   60
21   12   56
22   15   15
14   18   15
28   20   3
13   6   52
25   8   36
12   31   52
10   7   63
31   29   60
21   8   41
12   11   41
26   3   46
2   31   60
18   28   56
8   18   35
1   6   11
8   6   63
10   26   47
22   29   48
26   16   15
1   9   60
3   25   35
16   25   58
5   0   11
14   31   9
17   5   1
28   1   55
9   13   39
11   20   54
16   9   12
2   3   11
31   8   39
7   30   48
17   24   51
15   26   48
20   25   14
30   12   62
26   13   47
23   15   63
31   7   49
4   24   1
24   28   38
22   11   46
2   10   2
23   28   53
4   2   2
25   23   2
30   30   40
17   19   11
11   23   15
26   7   50
4   11   41
17   11   2
27   20   46
26   13   49
22   3   53
30   7   51
1   12   44
13   11   35
17   12   0
30   1   53
11   7   46
17   14   9
6   31   1
31   7   63
29   12   48
3   30   63
31   5   41
8   12   50
26   16   58
5   18   21
17   4   38
2   11   36
10   26   15
5   23   39
17   19   50
23   21   6
29   29   46
27   0   60
25   7   1
4   12   49
3   20   54
10   15   60
23   16   40
26   0   58
7   24   46
2   21   57
27   6   5
24   27   49
15   7   41
0   24   5
4   15   36
12   31   39
7   30   59
22   20   59
2   15   51
0   22   57
26   17   38
10   18   9
25   12   15
29   5   53
22   17   49
16   14   8
1   22   51
25   9   36
13   6   47
17   8   36
25   5   40
29   6   4
29   5   52
23   9   1
4   8   52
19   29   36
4   9   51
23   8   1
22   11   1
27   27   36
1   29   43
29   24   56
23   13   6
10   8   48
9   24   56
31   15   2
18   1   38
14   6   6
23   4   55
29   23   1
13   17   4
25   28   2
21   16   56
4   1   60
17   28   35
4   9   45
5   5   39
6   19   39
0   21   48
23   24   59
0   25   4
29   13   0
19   12   52
29   17   47
23   21   50
31   23   49
1   2   0
3   18   3
16   29   57
10   21   54
12   31   60
7   1   63
24   29   50
30   11   6
31   23   52
2   0   63
5   18   57
1   16   55
13   6   45
18   13   54
20   24   55
26   21   15
8   1   39
4   8   15
6   28   58
16   8   8
9   3   53
31   5   62
2   22   15
13   10   35
23   7   58
31   26   52
14   31   4
13   18   50
16   5   45
9   22   54
12   20   47
16   11   8
30   23   58
30   4   35
12   0   0
30   24   58
29   13   3
12   1   55
2   11   1
6   3   62
20   26   47
22   7   3
26   11   9
20   21   46
4   15   52
16   24   36
17   30   45
5   23   0
16   20   6
13   9   3
30   15   8
19   26   53
30   0   36
19   0   1
30   28   40
24   7   0
29   8   41
7   5   38
21   25   7
4   11   48
24   25   52
1   5   4
9   22   46
3   16   6
22   29   43
21   18   57
23   18   58
9   28   46
2   3   3
9   12   5
8   10   49
25   10   40
30   14   55
21   10   56
20   29   11
18   13   2
19   4   41
29   21   58
11   14   0
2   17   36
5   12   2
25   11   61
7   6   60
26   18   4
9   24   51
27   12   52
5   27   35
5   5   53
28   6   41
20   23   7
18   28   57
23   8   40
29   15   9
4   6   5
6   9   15
8   2   43
4   30   57
12   27   1
24   2   1
14   18   38
3   6   40
27   5   8
21   2   52
29   14   39
10   28   15
0   8   9
6   22   62
11   15   50
24   10   1
4   23   47
12   9   38
9   19   56
22   0   61
23   25   40
25   7   39
18   21   54
21   10   15
5   26   50
9   21   34
14   3   62
8   28   5
3   25   43
19   18   48
5   4   15
12   4   52
1   3   9
2   6   52
4   2   59
30   18   49
11   27   55
14   24   53
30   8   59
20   18   45
0   8   0
21   8   55
11   31   15
30   16   59
31   3   5
31   6   59
12   16   56
19   27   36
23   6   52
27   7   35
4   11   55
5   8   41
3   14   3
16   11   11
29   11   0
15   30   62
11   3   52
17   8   50
9   20   60
24   4   52
16   16   62
5   27   62
3   8   36
22   1   35
8   27   59
27   7   48
25   10   61
4   20   11
31   28   5
14   17   49
16   29   54
21   7   55
9   11   6
16   16   36
24   17   0
15   18   47
20   30   35
9   5   49
8   23   38
11   5   8
17   22   54
17   5   49
16   21   43
6   2   6
10   1   52
12   13   6
7   12   53
2   8   62
14   2   45
31   2   43
12   30   35
9   4   53
28   0   0
15   28   55
22   9   5
8   9   53
24   13   38
10   21   56
3   10   5
4   30   61
3   24   53
12   24   40
7   28   62
13   30   47
13   31   53
18   10   2
14   22   50
26   19   4
3   12   63
25   9   53
30   25   60
5   27   43
10   3   41
25   9   6
26   11   4
22   3   56
15   31   40
8   17   40
22   9   4
31   3   60
31   30   56
21   1   4
14   21   15
25   21   60
2   3   41
2   18   1
14   5   41
0   17   11
29   2   6
29   8   43
29   30   53
18   26   6
25   21   1
19   19   61
7   3   6
21   18   61
25   19   46
0   1   41
26   13   45
8   2   61
8   29   0
5   21   36
22   30   11
13   25   5
18   3   41
26   17   9
1   17   62
20   28   63
0   21   38
20   9   11
0   7   38
19   19   58
9   15   62
17   23   9
28   4   4
4   24   62
25   15   38
27   12   43
23   2   55
21   31   57
2   19   36
8   1   61
19   3   48
13   28   60
3   6   42
20   23   0
22   29   5
21   9   35
14   7   36
24   19   53
17   9   53
7   24   2
11   18   3
3   20   52
5   15   41
4   23   6
30   0   38
17   12   45
22   31   7
29   0   43
19   10   4
23   9   50
7   30   58
13   10   63
4   5   45
26   12   41
4   24   9
12   24   34
12   14   1
23   12   3
26   24   62
19   21   44
31   29   62
14   12   9
15   30   59
3   6   54
26   4   49
0   23   40
25   23   48
0   21   59
0   27   54
24   8   56
21   28   50
21   27   1
29   17   58
27   17   43
3   9   62
1   29   58
26   21   43
26   3   45
26   0   47
21   31   35
22   15   2
4   9   3
24   16   47
23   0   3
29   12   11
31   10   46
2   20   6
24   13   61
24   3   15
1   17   56
29   22   35
20   20   0
15   4   14
17   30   58
12   20   62
2   3   1
24   4   47
30   24   15
29   25   45
5   0   50
14   22   35
18   4   56
3   12   35
3   6   45
29   1   40
27   31   3
23   29   59
29   2   52
1   9   49
30   9   15
21   30   18
30   3   54
6   15   21
30   22   62
19   13   40
30   23   59
30   26   13
9   26   51
24   22   43
9   23   3
8   29   50
6   5   1
12   29   11
29   25   56
3   23   21
2   18   50
1   11   60
26   5   46
27   20   58
28   6   0
18   31   63
16   10   12
14   20   53
31   13   56
1   24   51
15   14   54
1   27   56
24   13   41
2   16   0
16   1   3
11   0   43
20   18   62
20   20   11
0   3   35
16   29   49
9   12   39
7   27   3
7   22   11
21   4   61
11   13   1
9   22   57
27   29   36
24   31   2
11   7   3
4   27   0
4   4   5
25   28   3
15   16   2
3   16   36
31   10   62
3   14   5
10   25   63
16   27   9
15   30   53
21   2   46
19   7   5
18   15   62
0   0   62
24   18   15
4   14   51
3   1   54
8   14   46
4   26   41
2   30   47
3   3   46
23   10   36
16   14   41
18   24   3
16   4   2
28   14   2
16   12   53
11   20   46
31   31   11
19   24   45
8   14   60
25   11   62
7   16   63
16   26   40
4   4   38
22   3   1
26   22   2
9   4   45
7   12   58
14   9   0
1   18   48
18   14   11
14   2   55
23   15   47
14   28   59
8   10   55
5   20   58
22   10   45
18   1   43
19   6   58
17   0   58
19   16   60
1   14   49
10   8   46
7   26   5
13   11   49
30   1   52
9   30   41
25   25   1
17   8   11
3   8   51
25   19   11
24   28   45
13   28   47
10   11   58
12   29   38
18   14   43
3   28   38
16   26   59
13   4   35
19   14   5
26   17   45
15   28   53
25   4   53
14   4   12
25   16   46
1   11   45
25   4   15
29   4   61
14   3   46
24   14   61
27   7   46
6   22   47
26   13   35
20   15   4
17   18   35
5   23   35
3   24   41
2   8   47
29   19   49
2   26   15
30   17   49
24   16   62
23   4   48
17   17   62
19   5   4
24   14   57
10   28   63
27   2   15
9   9   43
6   8   56
6   26   11
6   19   43
5   25   45
29   19   54
1   12   39
18   27   62
7   25   58
29   3   61
3   31   9
28   15   4
1   26   45
14   10   6
16   26   58
3   7   35
20   17   48
5   19   47
5   29   9
10   15   44
11   6   43
24   16   57
26   26   15
23   18   38
24   17   59
24   12   36
22   26   11
14   19   39
25   26   43
8   18   43
24   6   8
11   12   1
8   28   36
20   10   38
6   6   4
21   7   53
16   9   58
5   27   9
15   1   46
26   19   1
0   30   21
25   0   63
23   14   54
0   14   60
26   15   40
17   7   6
4   22   49
16   31   61
8   19   38
21   17   57
12   24   4
6   14   2
28   5   2
7   25   40
27   31   1
3   10   11
8   29   46
24   30   15
14   13   11
23   5   59
9   16   46
12   23   55
0   0   46
4   6   0
1   7   4
6   2   45
2   16   15
18   27   50
28   2   9
17   6   60
17   19   63
6   19   11
18   24   63
22   7   36
21   22   58
9   30   52
10   25   38
16   5   50
3   13   1
9   29   55
7   9   39
6   8   59
23   20   52
9   28   40
19   0   43
9   12   11
27   30   59
12   21   11
17   23   41
7   30   62
14   18   49
29   31   6
16   3   63
8   31   54
4   1   50
26   29   2
25   9   57
0   24   52
26   14   50
8   26   46
29   0   57
23   2   35
5   22   40
13   23   63
26   15   52
1   10   4
10   3   0
20   12   60
5   17   21
26   15   49
28   7   45
16   3   14
20   16   43
13   9   55
22   12   4
1   9   36
30   18   62
9   23   4
11   23   58
23   12   19
3   31   3
4   27   47
31   8   46
16   22   43
19   26   61
21   17   50
2   20   50
23   6   40
19   2   38
13   25   59
18   24   1
1   13   60
29   19   2
8   14   6
8   1   3
6   19   5
30   31   36
20   11   58
22   1   7
27   19   51
31   10   48
25   3   3
17   8   35
17   1   2
9   20   9
25   4   38
3   22   21
16   14   57
2   8   35
3   5   9
3   21   62
8   0   54
22   12   62
20   4   10
7   15   4
0   19   45
24   19   36
24   21   62
0   21   9
31   15   55
23   3   50
5   9   55
0   17   0
9   22   34
30   27   55
16   19   45
9   26   45
30   31   61
26   3   41
29   31   53
29   16   3
18   19   2
30   15   15
20   6   3
18   26   51
1   0   56
18   0   47
1   10   58
12   8   25
3   29   36
15   11   4
5   1   40
4   23   51
29   23   41
12   13   43
29   18   2
5   22   35
29   0   52
21   29   41
2   29   56
8   25   51
28   9   45
19   9   59
21   13   0
17   24   57
26   18   51
15   13   52
31   25   6
29   28   1
16   7   40
8   10   54
26   26   6
21   13   55
29   18   5
30   22   0
31   27   5
5   11   35
26   22   50
19   12   5
23   29   62
25   7   59
28   29   11
28   27   40
15   15   54
10   15   43
0   24   60
9   5   47
3   20   4
30   11   50
17   12   39
16   31   5
17   16   4
11   17   43
3   4   41
24   7   62
7   4   3
25   1   49
17   29   63
17   19   55
13   6   5
13   23   6
14   28   58
12   20   45
29   23   63
11   10   4
21   5   55
17   19   8
16   13   5
15   8   2
29   24   57
13   14   35
23   21   14
25   14   41
15   4   47
0   2   8
13   17   44
22   12   38
12   21   53
2   31   50
2   6   1
6   30   11
3   25   2
26   1   6
30   1   0
4   9   44
14   15   53
15   23   49
1   27   46
24   9   61
23   15   53
2   31   4
28   26   57
21   10   0
31   30   62
12   6   46
20   24   2
20   1   10
18   11   45
5   11   51
17   4   53
21   25   41
7   23   49
31   0   39
3   5   0
9   25   56
10   25   60
0   20   49
4   13   52
0   13   5
15   18   39
20   15   45
0   28   9
17   8   54
14   20   58
14   21   3
12   8   4
9   19   35
28   13   40
0   7   47
5   27   45
31   25   49
13   4   40
29   1   36
25   0   41
0   15   1
28   11   41
16   15   36
17   19   4
7   25   39
15   12   36
9   1   0
23   11   43
0   26   56
27   22   53
8   5   58
12   20   11
21   28   48
19   4   11
2   10   41
28   26   5
23   8   6
31   18   39
24   14   0
26   14   43
30   4   39
9   25   36
16   5   58
8   13   38
3   13   63
3   16   44
20   18   59
11   0   39
12   26   38
27   16   39
8   15   1
6   29   6
3   20   38
7   2   1
15   31   11
26   31   50
7   27   11
13   16   6
17   18   4
4   0   42
9   0   15
22   2   45
2   11   19
14   7   4
16   29   50
31   3   43
4   7   54
8   19   45
19   31   14
10   14   43
11   16   43
10   21   45
25   8   62
6   15   39
24   16   63
15   29   62
19   10   14
2   21   45
9   1   49
7   14   54
7   14   53
1   30   3
8   26   39
3   31   59
19   22   36
14   31   46
5   22   9
2   14   45
25   15   61
13   3   55
3   10   39
16   2   54
31   1   8
21   1   36
4   14   38
26   1   15
21   0   39
21   26   7
21   7   57
22   17   51
17   15   39
11   21   62
13   29   40
12   18   45
16   26   9
26   31   5
10   4   54
10   25   46
12   18   41
21   13   9
22   19   14
30   24   36
27   8   58
10   30   15
20   27   56
20   21   4
3   17   39
2   4   6
17   19   48
25   8   53
18   25   56
26   12   9
8   9   40
15   21   50
4   13   45
24   22   45
27   6   50
15   0   45
1   2   41
24   4   2
3   6   50
10   3   5
19   22   41
28   28   39
22   20   43
19   24   61
0   13   38
30   1   1
11   5   9
31   14   4
1   19   55
24   23   15
16   10   59
27   11   54
5   8   57
27   5   0
13   1   5
19   7   52
5   21   35
22   4   9
1   11   58
30   2   39
13   2   52
9   17   15
6   25   11
18   10   52
0   4   9
28   23   47
12   4   48
20   7   9
18   30   5
30   27   63
2   5   46
26   19   15
24   11   52
16   2   62
7   3   50
18   0   5
29   30   6
5   23   61
6   0   60
15   5   3
9   26   0
11   4   57
30   10   45
11   20   39
5   11   15
1   25   1
7   23   54
16   31   45
27   1   58
22   23   40
15   3   50
19   17   2
13   16   40
6   22   55
15   5   52
30   1   61
20   6   0
4   19   59
7   28   53
24   30   57
24   26   4
14   10   57
20   15   58
27   16   45
23   5   38
17   13   35
22   0   55
14   11   12
21   16   6
27   20   36
13   7   56
6   17   5
3   26   53
1   7   11
16   19   44
4   16   35
21   2   60
17   25   1
4   13   47
9   31   56
13   0   50
6   11   50
2   5   42
16   26   49
5   29   40
0   19   60
14   8   12
3   17   45
0   30   60
11   13   4
12   18   59
12   2   57
26   23   43
16   8   5
13   29   39
21   10   48
25   27   48
1   13   4
5   21   49
23   13   15
10   11   39
4   15   45
20   9   10
8   12   57
12   5   55
3   4   0
13   18   57
16   24   11
22   23   52
6   9   47
1   21   51
29   25   38
1   24   55
27   15   0
7   16   53
23   27   38
3   3   52
18   17   45
23   20   47
27   1   39
20   23   36
8   9   41
26   4   56
23   21   9
8   8   38
9   19   34
30   4   58
29   21   36
25   15   43
14   28   54
0   31   35
18   17   15
5   31   40
30   31   49
30   17   46
2   22   2
12   31   57
10   8   43
12   15   34
31   16   48
13   13   63
22   28   7
21   23   1
16   14   60
20   24   4
28   22   56
13   23   59
25   0   4
31   2   53
5   31   5
12   8   55
23   1   48
17   27   40
8   26   60
26   31   43
21   25   59
1   22   41
1   7   59
0   11   40
15   14   55
15   25   40
1   31   62
6   24   58
19   23   61
6   26   62
3   15   38
9   21   55
19   11   5
0   10   1
18   5   54
9   7   52
13   23   1
11   25   2
25   13   52
7   19   49
26   14   38
9   7   39
25   3   57
2   26   6
14   16   8
25   5   3
28   23   3
17   7   59
12   4   55
26   1   56
27   8   51
5   25   41
16   13   8
14   3   35
27   16   36
15   30   48
31   8   1
9   22   0
10   10   52
28   8   52
19   10   3
24   22   49
3   10   56
22   0   7
31   20   51
31   3   0
0   16   41
30   16   9
23   6   35
29   17   40
16   0   62
3   6   35
22   0   9
19   18   60
28   26   40
27   19   3
23   27   6
18   25   54
29   18   0
27   10   8
31   18   9
0   10   36
15   18   58
29   6   43
28   31   52
29   14   47
19   18   3
15   19   49
23   30   41
8   20   48
7   24   6
29   19   58
16   28   38
20   25   60
25   21   57
1   21   55
30   0   55
12   20   57
25   20   9
8   8   0
22   6   6
5   18   55
7   20   1
18   3   6
2   19   1
10   2   47
15   11   63
25   22   63
14   21   41
13   17   56
8   26   56
21   9   55
11   28   4
23   22   57
11   29   36
21   21   58
5   12   54
21   4   36
15   11   38
2   18   56
3   16   56
19   7   46
9   27   2
3   9   42
20   3   52
2   15   56
4   1   42
19   12   54
5   17   58
27   17   41
2   3   47
16   26   60
30   8   38
23   1   5
31   22   52
2   26   21
6   12   38
23   2   49
11   25   43
14   20   56
31   10   9
13   26   50
1   16   46
19   17   40
3   1   47
17   27   2
28   9   3
3   4   60
14   23   47
24   20   6
15   4   62
0   12   50
1   22   5
16   3   49
11   7   25
14   12   12
18   14   50
4   29   11
24   29   56
0   23   5
11   9   56
14   22   62
19   25   38
10   6   25
9   30   50
10   26   3
12   15   45
24   27   57
15   6   48
9   21   1
5   17   59
4   11   49
8   8   40
1   27   21
9   14   9
14   1   11
3   16   57
19   15   9
2   15   40
6   19   50
15   1   58
28   1   43
25   24   40
7   28   55
6   20   53
12   2   59
5   6   62
6   4   4
11   0   1
5   10   47
28   11   8
13   12   48
9   0   9
10   15   58
14   17   63
16   24   9
29   10   0
29   30   13
28   2   38
10   0   35
29   3   38
16   23   38
24   17   44
20   4   54
23   30   56
17   8   10
18   1   1
5   3   38
24   26   60
18   18   44
21   7   56
14   24   59
18   15   46
3   8   44
31   16   49
18   23   57
10   10   2
21   30   49
16   6   4
25   4   6
14   10   45
26   7   61
0   19   38
28   28   13
3   2   49
14   0   38
28   15   6
26   12   59
4   26   43
22   7   49
21   16   61
30   16   43
13   18   63
20   1   8
6   21   4
25   1   2
16   8   9
17   3   9
0   26   46
18   20   2
31   15   48
10   16   50
30   19   5
16   25   48
3   5   54
5   0   58
18   22   51
19   20   55
30   0   35
3   18   58
16   1   54
4   0   0
22   13   63
3   17   43
26   24   1
21   8   38
3   13   35
8   30   2
9   24   3
5   12   48
20   14   62
7   13   51
21   22   4
3   0   1
6   1   11
13   15   11
27   14   15
19   26   46
25   4   46
17   23   43
10   0   40
18   26   15
21   31   53
27   19   9
8   9   48
15   10   8
23   30   7
23   2   48
24   0   62
28   22   3
11   4   8
21   26   50
22   8   0
28   26   0
19   6   62
16   6   12
27   18   40
22   3   55
5   17   35
9   7   1
11   26   53
19   18   40
17   22   59
18   2   47
12   4   36
15   5   39
31   28   0
2   24   21
19   14   3
12   5   40
5   16   21
26   24   48
2   10   60
10   13   40
13   11   36
7   7   41
17   8   52
7   30   45
11   5   62
27   6   38
14   15   52
14   14   48
8   26   2
11   1   48
20   6   46
9   21   60
9   5   57
6   1   9
18   24   56
19   5   63
10   17   6
21   26   38
17   26   0
28   2   59
15   18   51
31   25   40
27   28   56
17   24   38
30   22   39
25   12   49
28   4   8
26   11   39
18   7   10
26   17   15
21   9   49
30   25   11
6   5   2
31   24   39
5   17   44
11   16   3
7   11   63
4   6   53
22   0   54
5   23   60
7   28   2
12   23   2
3   2   58
29   26   58
18   31   56
13   6   53
24   13   58
22   18   41
7   8   2
27   24   3
22   24   53
20   30   63
1   9   50
15   7   0
19   5   9
8   2   39
5   29   41
2   4   54
11   17   34
14   8   62
19   26   3
9   22   41
22   22   62
15   19   6
2   14   43
5   10   63
2   4   46
27   27   53
24   21   48
6   7   36
3   31   46
26   12   53
29   16   5
24   30   3
9   3   9
20   27   14
24   29   8
7   3   63
13   20   5
21   6   9
5   26   58
7   10   43
18   16   58
5   18   51
16   14   53
5   8   53
17   13   39
9   20   2
21   15   11
14   2   41
24   11   3
0   29   0
5   23   62
26   17   52
4   19   62
15   19   36
4   24   4
31   4   45
17   29   45
30   7   5
30   28   54
23   5   61
28   15   45
27   30   58
27   30   38
13   11   15
3   14   15
26   27   62
17   25   9
23   7   15
27   25   57
2   17   38
12   29   48
15   25   49
10   25   3
3   6   49
21   5   47
1   8   6
8   16   38
7   17   41
30   6   60
21   30   6
20   1   60
13   27   15
22   29   4
21   29   9
25   3   63
5   17   63
27   14   9
14   30   36
0   12   46
5   13   3
18   27   54
18   11   54
1   23   11
23   25   49
22   0   36
21   8   49
24   7   38
11   10   9
29   7   40
11   15   0
1   8   60
25   25   0
5   5   11
8   18   11
4   4   40
30   3   2
28   21   4
23   28   58
29   23   39
19   1   53
4   14   44
25   19   63
19   19   60
7   25   49
3   4   1
24   14   56
28   19   6
20   3   40
7   28   61
23   20   57
11   21   59
6   0   38
11   8   6
9   8   45
10   8   47
21   13   62
14   24   54
16   16   63
3   1   5
11   4   41
6   7   0
25   29   45
4   19   0
19   7   43
18   11   10
19   13   14
9   16   41
0   20   60
28   7   54
5   21   63
19   27   45
16   11   40
3   2   40
15   4   43
27   2   50
4   5   40
15   9   8
0   8   5
10   30   56
17   29   35
23   31   40
24   9   41
28   8   15
31   0   54
8   22   4
5   10   57
0   14   0
30   6   46
13   27   41
14   30   11
19   9   54
17   29   1
24   29   49
11   8   51
24   15   44
27   25   43
25   11   60
2   1   6
31   2   57
18   21   5
28   6   48
16   17   11
18   29   2
16   2   14
12   22   49
18   27   63
26   25   55
21   19   47
7   14   41
17   21   55
13   4   6
8   16   54
18   10   43
4   17   60
24   20   50
25   1   59
12   30   1
4   3   58
24   2   4
12   24   41
22   3   0
18   2   56
18   28   49
20   4   8
21   21   40
8   0   62
0   2   61
8   6   38
11   10   25
20   10   9
28   28   59
9   29   4
28   28   57
9   14   49
10   24   63
3   25   5
11   30   55
27   24   9
29   9   54
16   25   55
10   6   1
0   1   3
0   15   60
31   16   51
20   16   3
9   17   62
28   30   9
29   11   35
15   10   40
8   8   39
25   16   11
14   25   62
18   11   57
28   24   49
0   5   35
3   20   46
11   10   39
26   2   47
27   0   59
2   13   49
13   13   12
6   28   54
18   8   45
30   23   13
1   20   9
18   0   40
30   23   38
3   5   56
28   28   11
18   6   1
28   29   6
14   6   11
5   30   6
20   3   58
19   30   52
1   11   57
9   12   0
18   8   46
21   24   60
14   12   40
25   24   50
21   3   2
4   19   41
6   30   5
28   3   58
7   0   45
8   23   46
4   11   46
30   12   45
12   1   8
4   18   59
22   27   46
1   4   51
13   28   1
22   0   8
19   0   60
24   17   1
7   28   0
16   7   35
8   23   50
11   19   40
12   30   3
16   13   38
4   29   42
2   8   42
28   31   63
15   19   53
19   25   3
18   11   0
6   16   62
19   14   59
11   4   63
7   7   5
26   21   45
25   3   47
27   16   1
16   7   38
12   19   41
11   20   43
9   18   40
4   3   40
25   21   55
5   10   15
30   8   49
14   26   11
22   17   63
29   17   35
28   15   59
21   18   0
10   31   50
12   3   43
5   28   57
26   18   56
18   23   4
20   20   61
18   8   60
23   2   36
3   16   45
26   4   1
22   12   55
6   27   36
12   23   40
1   31   57
30   4   3
16   17   52
15   29   59
2   18   4
2   31   43
7   21   58
21   23   55
19   5   43
15   31   41
28   9   39
20   9   43
26   30   43
29   27   50
22   6   15
30   24   2
0   9   41
7   22   60
19   15   0
29   9   59
20   14   1
1   12   0
29   26   55
4   25   61
31   9   1
23   0   56
27   18   8
8   31   6
29   23   0
30   10   43
27   15   3
13   6   55
26   26   49
29   19   43
24   18   63
22   31   59
0   21   13
3   11   52
10   18   54
1   13   19
1   27   57
9   23   41
22   22   15
14   0   59
2   13   11
26   0   5
30   30   54
10   16   49
11   22   45
18   28   61
29   25   13
25   17   56
23   23   56
31   6   36
18   27   58
2   28   6
31   23   36
3   24   54
30   30   50
28   18   59
30   20   63
19   13   60
21   3   61
5   14   28
11   30   4
12   9   36
9   8   11
27   10   11
25   18   46
19   27   53
13   30   39
23   7   60
25   30   1
25   28   4
2   21   56
10   20   35
22   5   48
19   20   60
11   9   60
18   11   39
4   7   58
29   23   53
31   10   52
18   6   38
13   14   12
7   19   54
0   27   59
1   21   60
25   11   49
18   25   63
6   1   58
16   9   52
9   0   56
1   25   36
18   1   6
21   23   59
18   26   62
5   19   44
24   23   50
23   26   41
2   23   57
10   23   34
12   9   45
24   31   15
20   0   0
29   26   50
4   13   62
13   23   62
29   29   61
15   7   62
24   24   11
30   15   54
15   9   50
24   3   35
10   11   1
18   28   40
16   25   6
8   5   35
23   11   63
13   29   9
21   15   5
10   4   56
23   16   44
30   11   59
25   29   15
16   8   56
16   22   40
14   17   51
4   14   40
25   29   1
23   11   56
20   10   62
9   9   11
22   0   38
4   4   62
21   26   36
9   12   46
24   17   4
21   17   54
5   28   35
9   23   9
21   2   39
23   6   47
1   29   1
7   30   54
15   29   56
20   23   58
6   10   50
2   25   55
10   21   57
20   23   53
30   2   45
19   15   50
19   5   8
17   14   49
14   6   49
3   20   5
31   17   55
12   17   50
14   5   12
6   29   61
15   7   60
20   11   41
6   20   63
5   21   43
0   0   61
2   29   21
13   25   41
28   18   45
8   24   11
26   12   35
31   13   54
12   30   61
24   8   9
24   18   53
20   15   8
13   12   3
6   11   9
12   12   62
11   7   2
19   4   0
17   23   54
31   2   11
27   19   0
10   5   5
24   25   15
27   14   59
11   26   63
12   11   55
12   30   9
21   2   57
7   27   39
2   19   52
9   18   36
19   10   11
27   2   62
5   2   52
9   17   3
8   27   53
18   27   5
19   14   14
9   11   56
29   15   11
21   11   15
11   3   57
26   24   63
20   6   10
7   2   11
3   21   41
19   0   53
0   10   49
28   19   56
1   11   3
31   16   60
24   19   45
28   14   40
9   2   5
5   1   62
31   22   54
13   7   55
28   14   51
7   15   2
24   4   40
12   27   0
26   23   57
5   21   50
6   3   59
16   8   14
11   10   5
30   14   58
17   30   50
7   5   63
5   26   49
14   16   57
21   12   44
25   5   1
9   16   55
24   22   11
20   30   9
14   17   61
5   25   53
19   25   61
30   30   11
3   15   0
31   5   38
6   16   4
10   6   3
7   22   43
4   12   40
23   28   52
0   28   45
11   3   11
8   17   1
17   23   45
10   29   2
2   4   56
14   14   38
5   0   59
8   8   5
18   19   1
28   13   43
20   20   54
1   8   11
21   29   46
24   4   63
13   8   41
15   12   8
31   0   8
14   23   51
29   13   2
28   7   26
25   19   55
6   0   2
20   28   14
19   4   60
6   7   9
18   2   5
15   27   11
1   5   60
14   26   55
23   31   9
5   23   1
30   26   39
30   10   50
30   14   62
3   19   51
24   21   59
2   9   6
24   11   55
17   13   57
0   14   36
30   4   50
30   22   13
27   7   6
13   24   62
23   4   59
20   31   52
12   2   4
19   13   44
30   17   48
0   10   51
0   2   54
28   31   47
13   7   54
28   1   50
8   9   9
11   1   45
8   18   62
31   16   2
22   24   58
27   20   2
10   31   48
20   8   4
8   29   49
25   12   39
28   3   40
18   31   50
28   1   60
5   17   57
1   11   56
8   13   50
11   3   4
13   2   60
26   6   1
30   4   11
27   16   38
1   13   41
31   1   4
3   30   49
18   18   5
18   8   48
6   10   45
11   30   63
21   20   49
21   4   45
7   24   43
28   7   9
25   14   49
3   21   11
0   27   2
1   26   47
4   10   59
5   19   15
8   6   56
31   15   50
0   28   49
14   21   38
4   0   41
9   10   51
28   8   4
5   11   53
13   5   48
13   27   49
5   13   53
16   9   40
26   15   36
10   1   6
1   22   46
31   28   47
25   18   36
27   19   62
7   31   58
16   8   57
16   15   49
20   29   14
31   13   6
21   6   55
8   1   41
13   21   14
18   18   52
17   19   35
1   23   9
2   11   39
27   28   8
28   31   55
17   19   3
12   21   46
5   25   9
4   24   35
14   9   51
0   9   56
1   20   59
19   22   53
18   16   14
18   23   44
16   25   47
8   29   60
28   30   45
24   2   54
13   13   62
12   10   58
11   10   11
16   9   46
24   5   60
19   31   3
22   10   60
13   6   9
18   19   62
22   11   59
20   14   51
29   7   56
24   11   36
7   1   57
25   27   4
27   11   48
17   14   44
6   28   59
27   14   46
4   31   41
1   20   41
11   10   48
28   19   48
12   24   55
3   18   46
17   10   55
28   20   62
21   17   35
21   21   36
11   20   36
4   24   61
4   12   15
16   25   4
10   28   50
16   17   5
19   31   55
29   5   11
9   2   53
31   24   43
0   8   40
17   18   56
31   28   53
24   7   4
25   8   61
24   5   35
30   15   35
15   2   11
26   25   9
8   24   5
16   30   57
14   7   51
1   18   36
18   12   46
6   5   3
8   14   62
16   29   6
2   10   35
2   15   46
4   13   44
29   12   58
10   12   41
30   12   55
27   4   0
7   1   4
20   2   9
17   10   10
17   9   9
1   18   41
26   31   60
17   16   41
29   29   55
3   26   59
29   31   13
16   0   46
20   22   46
26   7   41
25   16   4
30   25   48
19   10   39
21   13   50
15   23   48
2   19   46
15   15   38
15   22   11
27   3   59
20   2   3
2   25   21
8   5   36
11   27   51
9   0   6
5   2   15
9   8   63
16   28   36
14   25   11
29   22   36
9   21   51
2   11   47
9   16   5
18   0   52
3   14   63
24   14   53
12   9   2
9   7   47
3   31   42
22   13   56
12   19   51
27   29   53
7   15   54
22   21   38
0   26   36
16   19   54
20   1   50
30   12   38
29   14   6
22   29   52
11   18   60
22   27   41
6   29   5
10   1   38
16   27   57
22   17   61
29   1   62
21   6   45
19   14   15
17   28   9
9   24   0
19   20   44
5   5   52
21   15   48
19   16   39
25   22   59
20   17   6
27   21   3
26   22   9
16   21   48
5   11   62
0   26   1
12   17   55
30   13   9
5   14   47
6   18   49
10   16   51
1   16   52
2   2   42
3   4   52
1   3   57
23   22   6
24   1   41
10   23   57
30   5   50
26   4   43
15   23   56
18   31   6
3   16   40
24   4   5
14   24   58
4   20   15
24   11   40
9   29   45
23   15   51
17   11   60
31   9   35
9   5   6
10   30   60
19   17   39
16   17   9
1   8   3
21   24   7
9   20   55
30   24   6
8   11   0
2   28   43
6   15   35
1   9   38
8   0   52
30   26   11
10   5   46
14   6   40
15   7   11
10   27   5
19   5   5
28   10   47
8   4   2
25   11   38
18   8   59
31   27   11
7   23   45
19   12   58
20   24   6
31   23   54
13   19   47
28   21   46
6   26   40
12   27   4
18   25   51
25   8   54
4   3   15
30   25   39
2   2   47
11   17   39
27   13   57
22   4   50
16   26   2
24   14   36
3   15   3
18   29   47
19   5   0
22   10   57
29   25   53
26   1   38
5   28   11
29   26   38
20   13   59
25   6   61
5   7   56
6   12   4
11   0   48
12   2   3
0   29   57
17   8   53
2   30   4
16   22   47
16   24   47
17   2   0
23   9   0
9   15   59
10   20   59
5   10   0
8   13   5
29   11   51
27   5   39
31   5   43
10   8   60
10   11   57
16   31   54
4   29   38
2   3   56
13   4   58
7   12   60
14   14   45
21   8   39
25   1   54
14   2   49
18   12   35
24   25   4
18   26   54
8   19   48
25   22   40
24   17   53
13   1   40
4   28   60
13   10   0
19   17   43
23   27   15
13   26   4
18   18   43
24   21   11
31   21   2
23   26   1
31   23   56
3   20   45
14   22   63
17   26   56
10   8   3
7   2   46
26   10   2
31   3   50
29   19   47
30   30   5
21   1   40
22   29   58
22   14   45
27   26   53
11   20   3
25   24   38
18   22   56
16   9   41
31   17   3
10   11   45
13   9   35
3   7   2
15   10   36
12   14   40
5   3   61
13   27   35
12   25   15
8   25   4
25   19   35
10   7   50
26   9   51
18   5   46
25   21   0
27   5   9
15   25   50
0   18   60
2   24   63
22   1   47
14   9   5
9   29   1
17   5   36
25   18   47
20   30   60
7   1   43
9   13   0
21   5   62
1   18   47
22   24   52
12   3   40
13   13   3
31   30   8
5   0   4
28   12   8
19   9   48
4   11   5
8   12   59
5   19   58
30   3   62
0   13   59
27   17   8
15   28   2
15   2   36
20   30   61
11   14   15
9   25   1
14   1   9
29   27   13
20   6   43
11   2   8
18   10   50
5   26   9
18   14   39
27   17   2
8   20   49
9   25   0
15   17   8
7   11   11
18   13   49
6   14   48
10   26   54
2   18   15
16   17   36
31   20   57
16   2   1
1   21   6
13   14   36
9   6   58
11   4   60
11   2   40
14   12   2
21   27   7
25   2   58
16   27   48
31   18   11
12   6   0
20   27   55
7   19   4
23   21   52
28   11   53
6   4   50
11   1   35
28   11   2
0   12   36
17   27   3
13   30   6
25   23   6
7   29   54
1   28   63
15   11   43
15   2   12
16   23   60
24   31   38
7   1   1
28   20   11
4   11   38
0   29   49
5   31   45
17   1   49
0   3   36
4   2   9
29   30   39
12   3   56
26   31   4
25   7   2
29   21   39
18   30   43
10   31   55
21   25   45
11   10   60
2   22   50
31   15   47
4   16   47
3   13   58
6   3   54
13   7   53
8   21   2
27   14   44
22   3   4
6   0   3
4   4   49
24   10   6
11   30   49
0   9   9
21   17   47
26   21   47
1   10   6
8   15   48
17   29   3
30   29   52
24   18   1
31   13   48
2   1   38
25   3   9
9   24   60
11   4   39
8   3   2
18   14   6
16   7   14
16   20   4
23   30   48
13   24   35
4   30   35
11   31   0
19   23   46
7   8   1
19   18   6
