0
-1.1685708772750200701
-2.1589695813028968452
-2.5739134333656048526
-3.2190513947391896643
-4.215384834286881599
-5.7054759890884154672
-5.7480356035072110998
-6.3458726042628317288
-6.5741312562438123379
-7.0740872077728988998
-7.1794477234307247926
-8.0267455838179291305
-8.7739599856481511608
-9.8557651559998795676
-10.599343190186717223
-11.456793422037938157
-11.726456988987040475
-13.169909763946879622
-14.166243203494570224
-15.112839284864055145
-14.846210621610106628
-15.842544061157799007
-18.205753775968279484
-16.596315863534179869
-16.759945287315982654
-15.866127411293886595
-15.494563854861404195
-16.88085821598129499
-18.110806506710492414
-17.303715066801331091
-18.199099113856171073
-18.073935970902166304
-18.782587337998077004
-18.761968050795342577
-18.278541401217466955
-19.097982307101705857
-18.222513569747807338
-18.820350570503428855
-19.452873129246938788
-19.349688893011709467
-20.222177002227471831
-22.761150873285746599
-22.705581022130935764
-22.079875122366523499
-24.025785271421838729
-24.200138658566615391
-23.776324411790255908
-23.336373127610922751
-24.230191003633020586
-24.512042155774008023
-23.490390908242027024
-25.412203505718281349
-27.216702000723767441
-26.539303177131962741
-26.970086093224416857
-26.8747759134200912
-28.222849061719784913
-29.568869523701735602
-28.675051647679637767
-26.896195583287489939
-26.626532016338387621
-25.408374577020495622
-25.114613458492332398
-25.034570750818797791
-26.592715368865349035
-26.098696863415739244
-23.958630699919467588
-26.53450912791319638
-26.023683504147204104
-27.423049946834446189
-30.580050367984558335
-31.819741254912575101
-31.334233439130873222
-30.77870763644697405
-30.085560455887030429
-27.577123308688836545
-28.52158491752968672
-29.620197206197797613
-32.018092478996166506
-33.833382445634413216
-33.521602821603572409
-33.4815974869898767
-35.890792315042183702
-36.119050967023163423
-36.365184036562069991
-37.043063744991229669
-37.537759986827339276
-39.34135391370239887
-38.989956026864511784
-37.590589584177266147
-39.611534919175490188
-39.9682098631142253
-41.797709660325125469
-42.705266712230525172
-41.496955506305994277
-43.23992481136461663
-44.07122233040537651
-41.650854201754945905
-44.818436732235596764
-45.785279743272582209
-44.847010104679654319
-45.694307965066855104
-47.265524664680754086
-49.082601941893102548
-50.637231617832206609
-51.07718290201154332
-51.157225609685077927
-51.686069738953747787
-55.130752232555643388
-53.085996248863693836
-53.670509588420841851
-53.510166938345662402
-53.409070821474294632
-54.281558930690053444
-55.123126116368268868
-59.541966724164865354
-58.289203755669497298
-62.777840125401638716
-62.991414225699699614
-66.436096719301588109
-67.73537970343184611
-66.730796364412015009
-68.15580523771259891
-69.072095969586754904
-73.560732339318889217
-73.500107717502459082
-73.248793289221552527
-72.396581414031913937
-72.743452357874019754
-72.381662313268520847
-74.092452719962906826
-73.384267662038425328
-72.840652215449438245
-73.152431839480286158
-72.381726424574466705
-73.806735297875050605
-75.992786574613148787
-76.825695697548255225
-79.598284419788029709
-77.952032534231207705
-79.513268344847432445
-83.464512063428855981
-86.887688351809785559
-90.353424254609507216
-92.929302682603236008
-95.23188777559728635
-95.455031326911495171
-96.694722213839511937
-97.18427043915821173
-99.593465267210518732
-101.27986422078075179
-102.87672335100799614
-103.40894016475530748
-103.8058215291720785
-104.04698358598896846
-102.68600703285336806
-103.02693361982396425
-104.97284376887927237
-107.72437908192122791
-109.91043035865932609
-111.43982556341988754
-111.05116757362810631
-110.6203846575356522
-111.82869586346018309
-114.0741225426142762
-111.14026567277836932
-110.25906626071548544
-109.82828334462303133
-109.11963197752712063
-109.91975127763923581
-110.87952712145312262
-113.80268870217227573
-113.8435106966925332
-114.7598014285666892
-116.14609578968658354
-118.10384039638890386
-120.53525836122591386
-123.45841994194506697
-123.55951605881644184
-122.82055934222520932
-123.77321771827024577
-124.20853578952808505
-127.68463447936335342
-128.21685129311066476
-129.92764169980506495
-131.30135727871808626
-135.19317757682870251
-135.19317757682870251
-133.9069666742657887
-132.86099811908309221
-134.37734560845117926
-135.53002511838957389
-136.52464769353363749
-138.25924874892174898
-139.3986830321101138
-139.33805841029368366
-142.25040907490861741
-146.07905047139772137
-146.64436428044777472
-147.53818215646987255
-145.49342617277793011
-147.48585633746813528
-145.56404373999188806
-145.4037010899166944
-145.87698879436362631
-146.81525843295656841
-148.02356963888109931
-148.30542079102210096
-147.27580137384094883
-149.79579934344022263
-151.94756154669968851
-152.06770585854175692
-151.67904786874996148
-151.7190532033636714
-155.18478910616340727
-159.76975658483397069
-160.7562515753813841
-163.9132519965314998
-165.6360185942725991
-165.84081300691860861
-167.69470425725367591
-170.78574671061198842
-171.7665759636237226
-174.34245439161745139
-174.3659848890276578
-175.296460255893777
-176.46503113316879308
-180.8958479320121171
-183.48253727611006525
-183.91332019220251937
-184.70177755256679575
-186.0880719136866901
-187.5921493104629576
-188.20892351223832861
-191.38697734258627747
-194.52247155851543425
-195.11025822341755998
-195.72929743182379525
-196.71012668483552943
-199.14154464967253944
-198.97449056500937559
-200.18280177093390648
-202.03518586197839113
-204.01618733084498558
-203.02156475570092198
-206.10117851323562377
-206.22132282507769219
-210.09252383598558822
-211.15031413013343808
-211.98322325306853031
-214.38111852586689565
-218.96608600453745908
-220.10552028772582389
-221.13513970490697602
-219.56163380169894594
-222.31316911474090148
-221.82362088942218747
-223.93987640422474783
-225.45622389359283488
-226.68836757488546141
-228.35091531263350362
-229.80092548813951225
-230.55469729051588956
-232.26548769721028975
-234.80821391788711594
-234.70711780101575528
-238.18321649085103786
-237.47503143292655636
-239.67225601026277104
-241.74026885611897342
-244.90785138659961717
-245.10852208206176783
-246.15449063724446432
-250.74961048737904434
-253.33629983147699249
-255.60498337279534553
-257.76446762214874298
-259.49906867753685447
-262.97516736737213705
-263.77528666748423802
-263.17451280705529371
-264.3828240129798246
-266.95870244097352497
-267.44825066629221055
-268.34363471334705764
-268.91899885825063166
-268.83895615057707573
-270.72835408936902013
-272.99703763068737317
-273.1606670544691724
-274.70948034508683122
-277.8664807662369185
-279.94592230791676002
-279.09862444752957344
-282.57472313736485603
-283.63251343151273431
-281.54177233457897955
-281.30061027776207538
-283.20156903895514233
-282.26329940036220023
-281.981448248221227
-283.30637366296480195
-286.47395619344547413
-289.06064553754339386
-291.3520573299393277
-292.67698274468290265
-294.12699292018891128
-295.56458057569636821
-297.31997240075355649
-294.57913237682834051
-293.96235817505294108
-293.04606744317879929
-294.94702620437186624
-295.44486463261102926
-296.96121212197914474
-298.34750648309903909
-300.54473106043525377
-299.74461176032315279
-299.86475607216522121
-301.01743558210358742
-301.32281723165476706
-301.46446774871776597
-302.98081523808588145
-300.79476396134776905
-298.49217886835373292
-301.24371418139566003
-303.67513214623267004
-303.70180039331484068
-305.13938804882229761
-303.14695788413206401
-305.58930491950127362
-307.90293984868191046
-307.53897447148051469
-311.43079476959115937
-309.11715984041052252
-312.29521367075847138
-313.86871957396652988
-316.44459800196023025
-317.67104366213823141
-315.35740873295759457
-316.15752803306969554
-318.14995819775992913
-321.62605688759521172
-322.52144093465005881
-322.35781151086825957
-323.45642379953636691
-325.26001772641143361
-327.33945926809127513
-328.65164565705742916
-329.01561103425882493
-330.3636841825585293
-331.42147447670640759
-331.95369129045371892
-334.39603832582292853
-336.47547986750277005
-337.71517075443080103
-337.99702190657177425
-337.50747368125308867
-339.59821477818684343
-339.95238659190744102
-343.4284852817427236
-348.00319626024611352
-348.6664904776563958
-348.82683312773156104
-351.41352247182948076
-352.62183367775401166
-352.32636946486019269
-353.97262135041700049
-353.64984795815394136
-356.23653730225186109
-357.28250585743455758
-355.46721589079629666
-356.31451375118348324
-356.66138469502561748
-357.98631010976919242
-357.13901224938200585
-352.54389239924739741
-354.33565186847545192
-354.52175414810932352
-352.93612688436894587
-354.20179325770021705
-354.48364440984119028
-357.428083389007611
-358.51327265734357752
-362.40509295545422219
-360.52739105642541517
-360.24553990428444195
-360.8645791126906488
-363.30692614805985841
-365.299356312750092
-366.38454558108605852
-367.43051413626875501
-369.62773871360496969
-373.51955901171561436
-372.25389263838434317
-370.66826537464396552
-370.58822266697040959
-370.87007381911138282
-371.56322099967132999
-374.0055680350405396
-376.09630913197429436
-376.41908252423735348
-378.15368357962546497
-379.88828463501357646
-381.70357460165183738
-384.01720953083247423
-380.54111084099719164
-382.35640080763545257
-383.74269516875534691
-386.49423048179727402
-386.98377870711595961
-388.56940597085633726
-390.38469593749459818
-392.11929699288270967
-391.99915268104064126
-394.3127876102212781
-396.40352870715503286
-397.7772442860680826
-397.3299320680243909
-397.94897127643059775
-399.76426124306885868
-396.81982226390243795
-398.55442331929054944
-399.04397154460923502
-398.42493233620302817
-399.9861681468192387
-400.56153229172281272
-403.71853271287289999
-404.29389685777647401
-403.29927428263243883
-403.83149109637975016
-405.92223219331350492
-406.24500558557656404
-409.41258811605723622
-409.73536150832029534
-410.56827063125541599
-411.27645568917989749
-412.79280317854801297
-416.68462347665865764
-415.7401618678177897
-416.15413766559385067
-416.77317687400005752
-419.52471218704198463
-420.57068074222468113
-422.15630800596505878
-426.75142785609966722
-429.50296316914159434
-428.74919136676521703
-428.58884871669005179
-431.3403840297319789
-431.74584913784013906
-431.82589184551369499
-435.69709285642159102
-438.27297128441529139
-439.53863765774656258
-439.73930835320874166
-439.16394420830516765
-438.45575915038068615
-438.45575915038068615
-438.73761030252165938
-442.21370899235694196
-444.30445008929069672
-445.87795599249875522
-447.03063550243712143
-447.52018372775580701
-449.2547847831439185
-450.84041204688429616
-450.88041738149797766
-452.87284754618821125
-456.05090137653616011
-455.68693599933476435
-452.50888216898681549
-455.98498085882209807
-456.60402006722830492
-455.80390076711620395
-458.00112534445241863
-462.59624519458702707
-463.59086776973106225
-463.43052511965589702
-465.33148388084896396
-467.13507780772403066
-468.5850879832300393
-468.50504527555648338
-466.91941801181610572
-468.07209752175447193
-469.65772478549484958
-469.89888684231175375
-472.65042215535368086
-476.54224245346432554
-476.13677734535616537
-476.01663303351409695
-475.02201045837006177
-476.06797901355275826
-479.54407770338804085
-480.75238890931257174
-480.99355096612947591
-482.7281520215175874
-484.38638009812109431
-485.38100267326512949
-488.31485954310102215
-490.04946059848913364
-493.52555928832441623
-491.86733121172090932
-491.98747552356297774
-490.60118116244308339
-491.44847902283026997
-491.81244440003166574
-490.65976489009329953
-491.41353669246967684
-492.62184789839420773
-492.13229967307552215
-493.86690072846363364
-496.81133970763005436
-495.81671713248601918
-498.01394170982223386
-500.60063105392015359
-501.98692541504004794
-504.42927245040925754
-506.74290737958989439
-507.36194658799610124
-506.56182728788400027
-508.29642834327211176
-510.87230677126581213
-512.96304786819962374
-515.71458318124155085
-514.0563551046379871
-514.85647440475008807
-516.84890456944026482
-517.01253399322206405
-519.59922333732004063
-519.92199672958304291
-522.50868607368101948
-520.77408501829290799
-519.62140550835454178
-521.4366954749928027
-518.68516016195087559
-515.21942425915119657
-518.16386323831761729
-519.55015759943751164
-520.35027689954961261
-520.71424227675106522
-522.29986954049149972
-524.4970941178277144
-525.37829352989058407
-525.49843784173265249
-526.44289945057346358
-524.70829839518535209
-527.87588092566602427
-529.96662202259983587
-529.43440520885258138
-530.23452450896468235
-529.74497628364599677
-529.4631251315049667
-533.35494542961555453
-530.76825608551757796
-529.72228753033493831
-531.62324629152794842
-534.80130012187589728
-536.25131029738190591
-537.39074458057029915
-536.94343236252666429
-536.4112155487794098
-539.35565452794583052
-542.5232370584265027
-542.44319435075294678
-541.34458206208478259
-541.83413028740346817
-544.7785692665698889
-546.29491675593794753
-546.5767679080789776
-549.01911494344813036
-551.96355392261455108
-552.62684814002477651
-555.06919517539392928
-555.35104632753495935
-556.24643037458974959
-560.84155022472430119
-563.28389726009345395
-562.96112386783045167
-563.40843608587408653
-566.88453477570931227
-568.09284598163390001
-570.40648091081448001
-570.12462975867344994
-573.3026835890213988
-574.19806763607618905
-575.78369489981662355
-578.37038424391460012
-576.92037406840859148
-578.56662595396539928
-579.32039775634177659
-579.03854660420074651
-578.9184022923586781
-580.91083245704885485
-584.37656835984853387
-583.11090198651720584
-587.69586946518779769
-590.87392329553574655
-590.29855915063217253
-591.74856932613818117
-596.34368917627273277
-598.15897914291099369
-598.86716420083553203
-599.39938101458278652
-600.78567537570268087
-601.19114048381084103
-602.18576305895487621
-603.57205742007477056
-604.89698283481834551
-605.79236688187313575
-604.20673961813270125
-606.64908665350185402
-609.40062196654378113
-613.29244226465436896
-617.18426256276495678
-619.08522132395796689
-619.88534062407006786
-622.79769128868497319
-624.31403877805303182
-624.76135099609666668
-625.29356780984392117
-628.76966649967914691
-630.96689107701536159
-630.56142596890720142
-633.50586494807362214
-636.09255429217159872
-632.20073399406101089
-634.39795857139722557
-635.72288398614080052
-636.00473513828183059
-635.92469243060827466
-640.49940340911166459
-638.50697324442148783
-636.06462620905233507
-637.50221386455973516
-638.8271392793033101
-641.26948631467246287
-642.47779752059705061
-642.23663546378020328
-645.17049233361615279
-647.36771691095236747
-650.11925222399429458
-652.31647680133050926
-647.72135695119595766
-646.96758514881958035
-648.01355370400222
-647.39451449559601315
-650.87061318543123889
-651.6243849878076162
-649.63195482311743945
-651.08196499862344808
-653.83350031166537519
-651.63627573432916051
-653.94991066350974052
-657.84173096162032834
-657.47776558441887573
-657.15499219215587345
-660.33304602250382231
-662.77539305787297508
-663.43868727528320051
-665.25397724192146143
-667.840666586019438
-669.04897779194402574
-670.43527215306392009
-672.16987320845203158
-674.48350813763261158
-674.88897324574077174
-677.47566258983874832
-678.52163114502138797
-676.79886454728023182
-676.2235004023766578
-678.81018974647463438
-679.75465135531544547
-680.20196357335908033
-682.64431060872823309
-683.09162282677186795
-682.93128017669664587
-683.50664432160021988
-686.67422685208089206
-689.42576216512281917
-693.317582463233407
-693.27757712861966866
-693.64154250582112127
-696.58598148498754199
-697.20502069339374884
-699.10597945458675895
-700.20459174325492313
-699.5412975258446977
-702.71935135619264656
-703.87203086613101277
-704.31934308417464763
-708.91446293430919923
-709.23723632657220151
-711.98877163961412862
-711.90872893194057269
-714.49541827603854927
-715.49004085118258445
-718.06591927917634166
-718.47138438728450183
-717.26307318135991409
-717.54492433350094416
-718.39222219388818758
-719.90856968325624621
-720.35588190129988106
-719.64769684337534272
-718.49501733343697651
-720.12914785846146515
-720.97644571884870857
-721.73021752122508587
-723.72264768591526263
-725.53793765255352355
-727.98028468792267631
-731.45638337775790205
-732.55499566642606624
-736.44681596453665406
-739.19835127757858118
-739.81739048598478803
-741.33373797535284666
-741.13306727989072442
-740.85121612774969435
-740.61005407093284703
-741.55451567977365812
-739.89628760317009437
-741.28258196428998872
-741.52374402110683604
-742.46820562994764714
-741.31552612000928093
-741.84774293375653542
-741.13955787583199708
-740.77559249863054447
-741.98390370455513221
-742.30667709681813449
-744.39741819375194609
-748.99253804388649769
-748.4603212301392432
-749.97666871950730183
-752.29030364868788183
-753.38891593735604602
-756.86501462719127176
-759.05106590392938415
-760.50107607943539278
-759.88203687102918593
-762.4687262151271625
-763.22249801750353981
-764.88072609410710356
-766.20565150885067851
-766.32579582069274693
-770.21761611880333476
-769.11900383013517057
-771.01996259132818068
-773.9644015704946014
-774.95902414563863658
-776.54465140937907108
-776.90861678658052369
-777.10928748204264593
-778.84388853743075742
-780.05219974335534516
-781.2605109492799329
-781.18046824160637698
-780.1858456664623418
-783.13028464562876252
-787.02210494373935035
-785.635810582619456
-785.06044643771588198
-786.15905872638404617
-786.64860695170273175
-787.31190116911295718
-786.46460330872571376
-788.19920436411382525
-788.99932366422592622
-789.40478877233408639
-791.39721893702426314
-791.3572136024105248
-790.46182955535573456
-790.62217220543095664
-791.11172043074964222
-793.84174953857063883
-794.17122873970083674
-795.98651870633909766
-795.78584801087697542
-795.03207620850059811
-795.23274690396272035
-794.4620414890569009
-799.0571613391914525
-798.16177729213666225
-802.75689714227121385
-804.84763823920502546
-806.66292820584328638
-809.6073671850097071
-808.662905576168896
-813.2580254263034476
-814.35663771497161179
-816.94332705906958836
-820.83514735718017619
-822.16007277192375113
-822.60738498996738599
-824.5083437511603961
-824.79019490330142617
-825.9985061092260139
-827.99093627391619066
-829.72553732930430215
-830.99120370263563018
-832.98363386732580693
-832.3203396499155815
-832.99821935834472697
-836.47431804817995271
-834.88869078443951821
-836.6232918398276297
-837.5677534486684408
-840.15444279276641737
-841.25305508143458155
-842.05317438154668253
-845.23122821189463139
-847.9827635249365585
-848.87814757199134874
-849.96333684032731526
-853.85515713843790309
-853.53238374617490081
-853.41223943433283239
-856.59029326468078125
-857.34406506705715856
-860.09560038009908567
-857.78196545091850567
-857.70192274324494974
-859.99333453564088359
-862.08407563257469519
-863.34974200590602322
-864.24512605296081347
-865.14051010001560371
-869.03233039812619154
-868.66836502092473893
-869.93403139425606696
-872.68556670729799407
-874.67799687198817082
-877.12034390735732359
-878.63669139672538222
-879.21205554162895623
-879.74427235537621073
-879.21205554162895623
-880.15651715046976733
-879.16189457532573215
-880.5481889364456265
-881.87311435118920144
-883.32312452669521008
-884.90875179043564458
-883.52245742931575023
-886.70051125966369909
-886.90118195512582133
-884.58754702594524133
-884.38687633048311909
-879.79175648034856749
-881.60704644698682841
-883.59947661167700517
-888.19459646181155676
-890.18702662650173352
-892.08798538769474362
-893.41291080243831857
-894.99853806617875307
-896.58416532991918757
-897.52862693875999867
-898.57459549394263831
-898.85644664608366838
-901.17008157526424839
-899.51185349866068464
-902.26338881170261175
-905.20782779086903247
-905.96159959324540978
-906.36706470135356994
-909.11860001439549706
-910.1645685695781367
-911.05995261663292695
-912.6334585198409286
-914.29168659644449235
-918.18350689455508018
-919.28211918322324436
-919.90115839162945122
-922.0983829689656659
-923.30669417489025363
-923.42683848673232205
-924.751763901475897
-924.95243459693801924
-922.00799561777159852
-924.45034265314075128
-924.93989087845943686
-927.13711545579565154
-925.75082109467575719
-924.09259301807219344
-927.27064684842014231
-929.0052479038082538
-931.06169992726336204
-931.30286198408020937
-931.50353267954233161
-931.139567302340879
-932.34787850826546673
-933.67280392300904168
-934.77141621167720587
-934.65127189983513745
-935.01523727703659006
-937.95967625620301078
-941.85149655431359861
-945.74331685242418644
-946.89599636236255265
-943.72841383188188047
-946.67285281104830119
-947.66747538619233637
-948.56285943324712662
-947.17656507212723227
-947.75192921703080629
-949.33755648077124079
-950.28201808961205188
-953.20517967033117657
-952.9233285181901465
-955.67486383123207361
-955.83520648130729569
-956.54339153923183403
-961.13851138936638563
-964.31656521971433449
-968.20838551782492232
-970.10934427901793242
-968.45111620241436867
-969.83741056353426302
-972.58894587657619013
-974.03895605208219877
-974.40292142928365138
-978.99804127941820298
-980.51438876878626161
-982.82802369796684161
-982.66768104789161953
-981.86756174777951856
-982.62133355015589586
-983.8869999234872239
-986.32934695885637666
-989.50740078920432552
-992.09409013330230209
-993.90938009994056301
-994.60252728050045334
-997.7805811108484022
-999.43880918745196595
-1000.1469942453765043
-1000.4697676376395066
-1002.3707263988325167
-1004.4614674957663283
-1005.5074360509489679
-1005.66777870102419
-1007.7585197979580016
-1009.0834452127015766
-1012.772324666815507
-1014.9695492441517217
-1016.8705080053447318
-1018.3868554947127905
-1019.5395350046511567
-1019.6195777123247126
-1019.5395350046511567
-1018.3868554947127905
-1019.6525218680441185
-1021.0388162291640128
-1023.3302280215599467
-1025.6438629507406404
-1028.0862099861099068
-1026.9335304761714269
-1025.6678641028402126
-1026.6624866779843614
-1027.4626059780964624
-1026.0763116169766818
-1027.7345396935802455
-1026.2181922042120732
-1027.6682023797179681
-1028.4683216798300691
-1027.8492824714237486
-1026.5243570566801736
-1028.721581634016502
-1029.3406208424228225
-1030.1407401425349235
-1031.3490513484593976
-1035.2408716465699854
-1035.6881838646136202
-1035.3654104723505043
-1033.2746693754168064
-1033.9379635928271455
-1036.3803106281964119
-1038.3727407928865887
-1039.3172024017273998
-1040.6421278164709747
-1036.7503075183603869
-1037.2398557436790725
-1038.974456799067184
-1042.4505554889024097
-1042.9827723026496642
-1047.5778921527842158
-1048.9028175675277907
-1051.3451646028970572
-1053.7875116382663236
-1054.4065508466726442
-1054.1246996945317278
-1055.7103269582721623
-1057.9075515356084907
-1059.173217908939705
-1063.0650382070502928
-1063.728332424460632
-1063.9290031199227542
