5.4512509841102332331
15.103137608763599786
24.644691888095952237
32.676052210906547657
39.027260140602045624
50.50095449236491163
59.315731581059210953
69.00243404815576298
76.501129200733672064
86.539247955641528165
94.634797843332350453
101.73798920698457948
109.19803265553106542
116.56433832545762641
126.74485987061530068
133.50580010756550564
140.94842971985852387
148.8257610834239415
157.71533047331337229
164.59006967304713953
171.24321230164207464
177.92265600444372353
185.08349570631358461
192.59584113942068484
198.17990533452791624
203.97606339424493171
209.8745086264854649
215.58911829696984341
221.24549050480229084
226.41121826560447516
231.24557110108523261
236.15146824512146395
240.95011922420701467
245.78448483628042709
250.28251205669926094
254.92721144001095013
259.15484860412794887
263.44248492329478495
267.6942047584892066
272.00054771286153255
276.1908537788075364
280.60397731831392321
284.86607973494835733
288.61514782685611635
292.73529077619627969
296.35522288063862106
299.42853797612747258
303.23723994731682296
306.63592133538168127
310.08322070720521424
313.4559499477293798
316.880646112987165
320.15026993383270337
323.35661349462782255
326.54730037595896874
329.49202149620748514
332.52112175502145419
335.45940727493848499
338.64045219647050544
341.43807445297414915
344.50912528716196448
347.17067184618014153
349.73914050733992553
352.79224576070856756
355.50904188781777293
358.20386541109797918
360.67050100631286114
362.97908413882646528
365.30412515207325441
367.77176518754254175
370.12343296338013943
372.73367753989208495
375.22035546651920868
377.72861615867009277
380.18089173312779394
382.36183051012130818
384.78386920870326549
386.94946416023452684
389.03582154204690369
391.05469720289090674
393.21472580307101907
395.30909101805940509
397.12742834642961043
399.12225463140248394
401.24284076848533687
403.25224373919849086
405.30735037737986204
407.27333251476954956
409.34048558210059809
410.93242933669716876
412.80644812229729723
414.62194906841472175
416.12403782364361859
417.75868089047759213
419.44688092337463559
421.00309064660825698
422.74137252042015689
424.49460223112447466
426.10974595045644264
427.87259960375780565
429.45924776420633862
430.96353142451937401
432.35110502656243625
433.63849979332707107
435.22886799389715407
436.636191202274631
438.04430455954076251
439.41947977012546289
440.83793289088060874
442.02955806882710021
443.50146396478652377
444.79587460421731748
446.12559511357721931
447.41249263751859644
448.81431997936755351
450.00712071888438004
451.10849277873978735
452.36484254258357396
453.58594043280595542
454.52096278460112444
455.75448986745254842
456.93465392241245127
457.8618343232868142
459.01537093213062235
460.19802958582113206
461.36071485613717869
462.49453063533189834
463.57688200364827935
464.45189727999996876
465.58241321227302478
466.51348609777994625
467.43495396827677268
468.51231363676595265
469.5645499425803564
470.69342914193282468
471.79829494560181047
472.77200463631828597
473.80325689364985919
474.66320159144629542
475.79474490675335119
476.90592364838397543
477.80747986206904443
478.62433986658356844
479.46379571967838729
480.33572123660519537
481.05216849535008805
482.03541742945895976
482.83242449648764705
483.68797313903513668
484.5748488090863475
485.35934157901766639
486.18505314404524142
487.21145074589878732
488.03407824304292717
488.82977115417696723
489.55686539441694549
490.45014303920288512
491.24422810645768323
492.15027180813842733
492.88506078698196688
493.70603594560293459
494.55558196017847195
495.38283695373615956
496.04588697391312735
496.79229489536987785
497.44482771236818053
498.09191460209677871
498.79665346327828956
499.22692413296022096
500.02805344461620507
500.71347878731120318
501.4957378995942463
502.0325812691878582
502.63438734882413428
503.14744036683185868
503.82440411093676857
504.4556596617762807
505.33267960635265581
505.91515545550902289
506.45562655208669867
507.05617206034702349
507.7855957841467216
508.32784763510846915
508.93548383964332515
509.55165878271549218
510.15389171660939382
510.9760953028876429
511.40440806619210434
512.20794613869873046
513.01818499126409279
513.60199274942397096
514.05959790945962595
514.60731294719403195
515.18617229470100938
515.64550178267154479
516.09729246386166324
516.65752524658068978
517.23249444803980168
517.87126372049101519
518.3704568716390213
518.65679209847053244
519.10591972780889591
519.41676020986608364
520.00509161050274543
520.52186983771207451
521.01782708491714402
521.3792779410955518
521.83243335738814039
522.20834017907998259
522.83154199095758941
523.22763082993799344
523.53689195539675438
523.88358326155491795
524.31307837608005684
524.76479290016550294
524.9470061808256105
525.386705574726534
525.86047609996194296
526.13207259455475651
526.52794350928900258
526.73677111069366674
527.11080645987431126
527.56503064015669224
528.07215365414708685
528.43667879498968887
528.69635421020439026
528.97360340998125139
529.21206541563174142
529.61041431132071011
530.01624318266476621
530.36060594798902912
530.70288860156335886
531.02591487250663249
531.38265878829372468
531.6498531678045083
532.02718784921751194
532.45338324888280113
532.77502373878530761
533.17351368725519478
533.52195355560149892
533.92262969906539638
534.13797201831471284
534.5099026309171677
534.89892029677048413
535.16483786206163131
535.5276929739135312
535.75524297580159327
536.10205421603893683
536.36607405808354088
536.67390815126327652
536.9984933829593956
537.16979102138134294
537.51270957564565833
537.86325814816382263
538.22504784478394413
538.46242504249960348
538.66131407803834463
538.84496532205673702
538.92082808464977006
539.03742800856105077
539.25208446248325345
539.47788052617363519
539.91305413763507204
540.25305321987298157
540.4151431744716092
540.48809350922579142
540.7131701087125748
541.05013141670383447
541.30270522046055248
541.47170752541387628
541.76846719221384774
542.02936630181795863
542.34121687227457187
542.66750480283178604
542.84814077504836405
543.01717248903582913
543.19078001690547808
543.14358485871537141
543.39685813058451913
543.54837976286125922
543.79681491056123832
543.99552337368788812
544.09969306985658477
544.29239235605507474
544.53521854043754047
544.70000965431461282
544.93503231458782921
545.10691100904909945
545.17869541860363825
545.50336934666302113
545.64068269372103259
545.86435739572061721
546.15460438940772292
546.34004437735995907
546.45127531773414375
546.61921411198989063
546.81104381121906499
546.88545813126700068
546.98013037892110333
547.17091578116310302
547.44851197263642462
547.6565510716462768
547.8931555198158776
547.98091059295404648
548.16394467952125069
548.40478937224895617
548.46811973053286238
548.63634252118868062
548.86998602022492832
548.987556462765383
549.01070069582135602
549.04214528650061311
549.33107749573673573
549.39849101466461434
549.3997770148419022
549.64754804653841802
549.70149272444416511
549.77388712583137931
549.93261273039593107
550.02181142513916257
550.30711670005212
550.47170564928399017
550.56855087094584178
550.67116601990323943
550.86769494107193168
550.83970431371824361
550.99455218369701015
551.20336077941249187
551.28311062020964073
551.30898286329465918
551.36034134931571771
551.52966917202809327
551.65981696987626037
551.80291867505536629
551.94181193152655851
552.14809067839598811
552.23431365673627624
552.39155805710618097
552.50214823096632699
552.67917389052581711
552.82876220839762027
552.83649304690072768
552.87643155482840029
552.8937155850982208
553.0394441393938223
553.09026827685784156
553.19181584941554775
553.17228362846492473
553.19083736069285351
553.23044013589719725
553.38860342599627984
553.41941666374827946
553.50592978248823783
553.55624639560676314
553.7200625590933214
553.77728136514224389
553.95363057259748985
554.03654083450419421
553.99921130023426485
554.11862901206620791
554.1515231777742656
554.11541965664798681
554.24258876130716089
554.24102956099125095
554.15846949768911145
554.19150490176036783
554.2363071943561863
554.26099324792244261
554.37404229229798602
554.65700164964903252
554.59753333012940857
554.6074930124580078
554.79092159173330856
554.8601624419007976
554.92019126135755869
555.00900800059889661
555.00112035970505531
555.06615086767328648
555.23499645996128038
555.31884795594362458
555.38078094469176449
555.49093057966149445
555.59576769473881086
555.56224055452321409
555.54865914576419073
555.53834385429843223
555.46324137363751561
555.46629017599912004
555.43790707069854307
555.4444938945132435
555.49203844863370705
555.49947008283709238
555.40887216481314681
555.46363104374529485
555.49539491413827363
555.55125943831592394
555.50635709541847973
555.56684072746236325
555.7036260026296759
555.66999403286843062
555.57512935380043473
555.52425438349121123
555.50595147255728534
555.6156906697000295
555.70471942751100869
555.77164559714537972
555.85038425210757396
555.97998735948453941
556.04941203038333697
556.12791832663390323
556.18215241611710553
556.29068522812963238
556.43158547256496149
556.45451247680580309
556.45629527727805907
556.57820804951757054
556.49392459122543642
556.51339560635710768
556.60188810933607328
556.59971810848458063
556.65782365122322517
556.67314235077662943
556.77063469754557445
556.69878340181867316
556.74063711045857872
556.75396850789991277
556.78723637583095751
556.81620680186597383
556.88085650986977271
556.97560332448870213
556.92642981828441862
556.98367384497419152
556.98302104495098774
556.99406035705976592
557.05322921330321151
556.98689930492889744
556.91386445770569935
556.92900354684559261
556.85447787255372987
556.84487419874176339
556.99081869717053905
557.04663278205077859
556.93172130165635281
557.02344956495369388
557.1353056458001447
556.99655065335593918
557.03956168281251848
557.04238168468134518
557.11733795977238515
557.15668263446104902
557.10729379756958224
557.0915774740795996
557.16930137799965905
557.1763262068881204
557.14982705634406557
557.21357903991929561
557.26163228448751852
557.36897162716513776
557.45380646992146012
557.39959199484917463
557.44233530129406518
557.43152399598932334
557.39632116104417037
557.48635472978730832
557.5187583647957581
557.53063930455004993
557.55306464430361757
557.45814103276427431
557.46128783536096307
557.56772861627723614
557.54482081455751086
557.60489407405430029
557.63560768823936087
557.70870501878255254
557.64382226656368857
557.63435179578061707
557.57939837056471788
557.568569064733083
557.52819678199000464
557.58100905361811783
557.55863452023709215
557.5540365121363493
557.61239627026736798
557.72139004282655605
557.59788288356992325
557.613680412100166
557.49768693411374443
557.57832820666294538
557.52859075576520809
557.49579261595238222
557.55973639486091997
557.50243952486448507
557.50061632435949832
557.46365531718220154
557.48332515134984533
557.49650054194057702
557.44150748679874141
557.49725311846032128
557.48095475768320739
557.53868038201676427
557.45555975809497795
557.46296259190228284
557.59249138827885872
557.58698017432936922
557.63316278089519074
557.61856452164875009
557.58191241906843061
557.64866079028422519
557.69907506531080799
557.76960468781635427
557.79120032707669452
557.72502178469096634
557.6848775943419696
557.74593455539422848
557.68307146187225953
557.74264547494863109
557.80472300253325102
557.90219971221029027
557.91551430890615393
557.97531612475756901
557.96405120563406399
558.05705258042917194
558.15196376401866019
558.16944540921576845
558.21003458078814674
558.24585481034148415
558.20414116281619954
558.28073178169790935
558.25206701911452001
558.27863978261586908
558.36234221735423944
558.44693903355505427
558.42479612886199902
558.44286582051290679
558.41624344823890169
558.3748543407549505
558.44016474570719311
558.33942002306173435
558.36656528980643088
558.45824064202429327
558.48247342780200597
558.521479172484419
558.53940965285960374
558.60162331179708417
558.5322278760820609
558.54943510064140355
558.54804230041622759
558.69179373560655222
558.72780922812341942
558.76224182967280285
558.71850645965150761
558.74348135773561808
558.77219292994891475
558.73904349466420172
558.80937727449486374
558.84728381285265186
558.98413660299763706
558.91724607322100837
558.97519108090773443
559.06091834432618271
559.12383509086453159
559.11401461193986506
559.09174369146546724
559.07140779067037784
559.09758928612188811
559.11450648957406884
559.17187822105836403
559.22761624681493231
559.37868167843896572
559.42292089210388895
559.46690518179786977
559.52870244075927531
559.44331419700245078
559.45554394943064835
559.4350644336835785
559.42031936653700086
559.47064238370774092
559.50447801139728199
559.54969251268255448
559.61460289397143697
559.61727289555756215
559.63067389610750979
559.58742235482884553
559.69202442669950415
559.72873094757892432
559.6448598171160711
559.60672639678728046
559.68755918108865899
559.54837291303817892
559.51043116202231431
559.55981839793787458
559.58056954254334414
559.61583399660810301
559.62457045217570339
559.63039846867172855
559.60231262260651874
559.68129125026132442
559.68105165026020131
559.79370102488735483
559.81242517191549268
559.80974357030856936
559.76629553674627005
559.87942122564743386
559.87485521771463937
559.91857778161590886
559.89350766862924047
559.88894046069015076
559.89626129338637384
559.88353192150350424
559.95087616186106061
559.95937141295200945
560.00171934052787037
559.94096906369259159
560.0068020299526097
560.0498254651465686
560.02354395249176378
560.07231241595263782
560.01676133483158537
560.18651097419285634
560.1797701486684673
560.09297089342874187
559.96041272823617874
560.02087033650423109
560.0406165780906349
560.04077097809090446
560.07884677750894298
560.08874365829001363
560.06261417173243444
560.12218658338872501
560.01443404824965455
559.97758547934779472
559.91302065986576508
559.90592623011013984
559.9796848512237375
559.98833330512900375
559.94383316308551457
560.04690511780415818
560.0767689371044753
560.09424138159909035
559.92415250531314541
559.92733970801123178
559.96754192176467768
560.0100387162979132
559.99151698681919243
559.98907818561042404
560.03651187724960892
560.10843366396670717
560.09251892806980777
560.15267746456629538
560.12424434917727467
560.14355494923063361
560.08250639600839804
560.09499215821074358
560.17609017671691163
560.21598626775232788
560.24723761096345243
560.2561084691352562
560.08614731145871701
560.09951631057538179
560.09190387381443088
560.0660408322684134
560.16142949494667391
560.20118873172543772
560.19722792654738441
560.18322969797202404
560.18514369855631685
560.13043725887723667
560.20758710306984085
560.14626068993891295
560.14479308967554516
560.22400648413395174
560.19468238299134555
560.18524831302124767
560.21906713590431082
560.23831813041840633
560.0948746774540723
560.09309867698721064
560.17257808970987298
560.1867427265342485
560.17322412065789194
560.14329508678758884
560.2002584848303286
560.10891863397625912
560.16633760434308442
560.22613661769048576
560.14963052250777764
560.04878755074616947
560.096816381233225
560.17055016861286276
560.10081311992439623
560.09814431834035986
560.11451668405425153
560.09893396874429072
560.05179244037276476
560.12536480903497704
560.10218977184877076
560.11002461192686042
560.01731546613507362
560.01776666614273381
560.04810059190140237
560.19576713552794445
560.21412925143602024
560.19148908441616186
560.23595040726468142
560.26079648536654076
560.17746189133799817
560.18591434166069121
560.31507480175207547
560.37049458186800166
560.3770434052728433
560.45025889376643136
560.50143365912344962
560.50514006336652528
560.44751892587134989
560.44321971924944137
560.46800978872784071
560.31678665988954435
560.29647436153163653
560.27873949670743059
560.16175265633660274
560.18995372521453646
560.15657142551845027
560.12408856966749227
560.16315753843082348
560.19884652604844177
560.1876292084286888
560.26043134659084899
560.17517734685179676
560.29025617929028158
560.3001182592221312
560.39296449960852442
560.35857751155845108
560.40298520794533488
560.35891727773434923
560.28117895205173227
560.23849847425276494
560.17252055070002825
560.09784987486568753
560.09486267264435355
560.1227772851515283
560.09630934007850556
560.10326496812160713
560.14671500262795689
560.28716140919823374
560.24367575787312035
560.10390947810594753
560.1570023463390271
560.1805178299077852
560.21637487127895838
560.28422088436559534
560.20402392942105507
560.18852601923106249
560.1713383961209729
560.14775370295706125
560.16772356658816534
560.14268065787086925
560.12986968266113763
560.23707544177466389
560.25165570006322469
560.26235900224355646
560.15847166862658923
560.21684423766191685
560.2381694457874346
560.11336891519897563
560.08058677968733718
559.94436934140355788
559.94568334159259848
559.84410689470416855
559.73502847104111879
559.77069585178412581
559.77554746130056174
559.8260609994964625
559.86201527219895979
559.80621519822204846
559.79692673144188575
559.75668330102212167
559.83570239174207472
559.85436773363244356
559.86945241966645881
559.7872746039863614
559.87611619218171199
559.90722590097311695
559.90941710184984004
559.84823922795521867
559.77437085748681511
559.76408876690140914
559.7222186510755364
559.69294896160670305
559.70994657083883794
559.61843596366134079
559.6418734364822285
559.61284619850516719
559.58211738073339347
559.64854379533278461
559.64913339534984971
559.63127212051540482
559.58172758841794803
559.59463456759624478
559.55922846932696757
559.4621382727073069
559.46802068966962906
559.42606613677310179
559.45856179600218638
559.49394548725501863
559.50591363010914847
559.45721760964124769
559.36967414239347818
559.40710891341996103
559.39136978851990989
559.37882442398358762
559.36515301104668652
559.38813242218952837
559.34594896804526343
559.35614345633507583
559.31278266384924791
559.27898864805263202
559.1624276561235547
559.24133937964427332
559.23450415303238969
559.2307821487355568
559.20389612928795486
559.16346262156594094
559.1615474209805825
559.14080987783825094
559.10599756251838244
559.10123075349224564
559.13296461632467071
559.03191471830280079
558.95121855655327181
558.94320451366183988
558.95353620556454644
558.94405093444902377
558.9969028337167174
558.96433995670906825
558.94666469655567198
558.90208371443156921
558.90640372115001355
558.85353300874589877
558.91212216285669001
558.94900594372006708
558.94330672829369178
558.90202046473234532
558.94066807447461542
558.85797778917128653
558.89326665082796808
558.79608223229593023
558.78444810107146168
558.7562414310798431
558.77357226485435149
558.67574311628743544
558.65357620864926957
558.7315889499673176
558.68863354619577422
558.73289637141567709
558.75755482078159275
558.70241565493358848
558.70911768001974451
558.69055594710300738
558.72381941381672732
558.75171162196340902
558.74197154496141593
558.73167425397366515
558.67886038122958325
558.57646901907196479
558.55566546881107115
558.57494166566311833
558.66580372654402709
558.66640892656255346
558.75595711829021184
558.78130447531850677
558.75236685615834631
558.84291667567151762
558.80621295573519092
558.75481444331092007
558.72067912910210907
558.72278552988097999
558.76780193039655842
558.69637277584934054
558.70567084283675285
558.66422010892870276
558.71440944172388754
558.77213026205799906
558.72766693822086381
558.68333888101369666
558.53997101533786918
558.53208017439430932
558.40094497543827856
558.41744454974286782
558.4196205506015076
558.42502576376148227
558.38687633761287543
558.29443937412463583
558.35389848550914849
558.41768089999834501
558.41140367938635336
558.55435260590229518
558.57136421614654864
558.58907827933705903
558.58647067785955187
558.67371156811657329
558.68922987953317261
558.70419935906363662
558.71611950020576387
558.71937670308545876
558.72921598246421127
558.75895457396450183
558.60213156076474661
558.63739041308861033
558.60083314226756102
558.5875477468630379
558.54837073676799264
558.52792722478909582
558.48806594759116706
558.41694918943949233
558.43404640590813415
558.35464511631016649
558.27248893710827815
558.19755749685634783
558.23754442411052423
558.11739730215185773
558.15314190750348189
558.21675094625879865
558.29438471434548319
558.30371638206167972
558.28580590329227107
558.18381117488922882
558.24325547319222096
558.23717105442176489
558.25812982160107367
558.24500083301700215
558.3012960956821189
558.34398137566768128
558.20407360646345296
558.1811285998552421
558.18442900285106134
558.18661300371923062
558.21349982331139472
558.30742040250595437
558.31194801024025764
558.36311156826445767
558.36073756714949923
558.41465502527228182
558.48522189408367922
558.52649495202103935
558.59484154497260988
558.50777137851389398
558.45214463897434598
558.54860736871512472
558.60037772839791614
558.57111884124151402
558.6249842615994794
558.54163404046596497
558.53680643108998538
558.62211853635437819
558.66214908105848735
558.72772296791163171
558.7293657682811272
558.69441501085839263
558.67173123824045433
558.69763188608351356
558.6785709090003138
558.76983179552587444
558.88025425841954075
558.81153963369479243
558.88144769063853801
558.84119265552010347
558.90518087986151841
558.91082329483117519
558.93904796840558902
558.92063184793232722
558.99354293053829679
558.9578859531022772
558.9060219305758892
558.88470632354130885
558.90500542053848676
558.88260568399982731
558.91660495874498338
558.94517850265265224
558.93734846264817406
559.00121816597572888
559.02134164503922875
559.02062004500794501
558.99824591167691779
558.96761551706140381
558.9855527979833596
558.99143201491801847
559.00296054260149958
558.93545251623038439
558.98435305840564524
558.9890662671307382
559.05138442729173676
559.04210356067540033
559.08418256848426608
559.06768939461505852
559.00859340202907788
558.99619564323234044
558.89841420859011123
558.88896293823665928
558.83915664472158369
558.77789669397395755
558.79048726029520822
558.79800569571114011
558.70392877166784729
558.73385700535891374
558.71237137885907487
558.68481643551001525
558.58603859868128438
558.67194579297324708
558.73348600770225403
558.76122338590619165
558.74689394071890547
558.77242332719242768
558.75129974177184522
558.76247465806284254
558.71292852498334014
558.69430398663894266
558.66472342988902255
558.65464974470080506
558.667993942711405
558.54415431540405734
558.59635696703480789
558.58839492497281753
558.56882470039067812
558.65594175565354362
558.61519491890896916
558.54839809372435866
558.55631133501765362
558.54191988663387747
558.54968112559299698
558.56422458193071634
558.66262831113419907
558.70733015345263084
558.69889690347213218
558.7153400739512108
558.71384647367358411
558.65514402220173906
558.62043333757731034
558.67008673660200202
558.754992506927465
558.82946650958831469
558.85853655659502692
558.84139413681441511
558.84461693960383855
558.92116830099894287
558.95418449983435494
559.06430966073469335
559.07276091103597082
559.05254702277909473
559.00361806361263461
559.05681740699537841
559.06527065733234849
559.17194249287251751
559.19482429118488653
559.16327167371503037
559.13701536540781944
559.123016736812815
559.13399884718785415
559.17431190584011347
559.13319531426543563
559.22753922986157704
559.335086371096736
559.36569476055535688
559.38429809706337892
559.40788199011603865
559.42005614047468498
559.4951049455729617
559.47673642912525338
559.52067869852191961
559.61926406754423624
559.58695045609727003
559.59235846927776947
559.51947742654317608
559.61977101151808256
559.67934182175451951
559.64624920204869341
559.60070653187790413
559.4941662694579918
559.5360964116219975
559.62503098324339135
559.70144614565208485
559.66589680231766124
559.70401981886629983
559.69120604354168336
559.78539281055032006
559.71962751748571918
559.74138877620305266
559.7643889900944032
559.79496497197169447
559.69645618858976377
559.67523339205081356
559.64811132957652262
559.72711239219017898
559.71362178759045491
559.63999494522511213
559.69238172268251219
559.64134985057819449
559.66270666230184361
559.71611695546221199
559.68477719060433628
559.7077225972651604
559.6875695152004937
559.68674951515458815
559.70529684683185678
559.63952594770944415
559.71784155115199155
559.78613448153350873
559.75027663990510973
559.71808786091332877
559.76837925808638374
559.74045144300646371
559.73536823206109148
559.72541014977207396
559.69003726189896497
559.63096929375478794
559.62086240772157453
559.58068660462959087
559.53246926504561998
559.60220591324764428
559.63223496958823944
559.51232871305239769
559.42354523930339383
559.46692804213694217
559.44794827239797996
559.56610033011929772
559.61020147646354417
559.55141174973607576
559.59597672391191736
559.57917872892846844
559.55928367272713331
559.59724823195449517
559.59150901620103014
559.57228482416655879
559.60827030696202655
559.58344783249913235
559.71376554879418563
559.68431462027263024
559.76272116317488781
559.74548873674746119
559.71982252786324352
559.70562788953088784
559.72875412017822327
559.67878452509864928
559.7060262096661063
559.65651049523557958
559.69750783657002557
559.61947706784474121
559.68222684969646252
559.63744536753529246
559.62817930123719634
559.63816858430209322
559.67291127857504307
559.68442620580708535
559.6899726200256282
559.70803871138264185
559.83583154330858633
559.86713649963030548
559.94929548355980842
559.93987261383870191
559.94072021388944904
559.99758072866814018
560.00680239401776817
560.1028597862409697
560.0454087894767099
560.03227420065115894
560.03697140928761655
560.05724370352754704
559.97487636750361162
559.95702429340246908
559.91649274552344195
559.95558132177075095
559.95878652451472135
560.01992596249056078
560.07893147624758967
560.08463429170319614
560.02873694191293907
559.98755312188620792
560.0147243934254675
560.08478303459685321
560.20836005976161687
560.11711320240169698
560.18347714820595229
560.13926834940730259
560.18248467423472903
560.09809021879402735
560.15681829233608369
560.19287459809993379
560.20459313220112563
560.16560259329867222
560.15768375191771611
560.16628100487116626
560.1709170131745168
560.22331699969276997
560.16609819364384748
560.21548302809571851
560.18480822305002675
560.18739782449722497
560.12734498340455502
560.19994245137070266
560.27035432781167401
560.33709108610446492
560.33670708609975009
560.29969326086177261
560.30375886646186245
560.27253873086169733
560.23386671200125875
560.2378787173827277
560.20498335135005163
560.19975413943416243
560.16758336510270055
560.15017492547497113
560.20760830771700967
560.20829150774363825
560.17743706019837191
560.23062119282701588
560.23199519304318983
560.12666913068744634
560.16015185844128155
560.06847971295144362
560.15609131066958071
560.10997073712405836
560.07329742741887912
560.05436126159759169
560.03926097467524414
560.03158853703814657
560.03520614098340502
560.08100454446014282
560.07144487165805913
560.12076646761749998
560.03027436617912826
560.01193705235880316
560.05342260122961306
560.04632097138335212
559.97551260114278193
559.94971677080570771
559.97899206147428686
560.01021139687952655
560.02275276125851633
560.01199465750062245
559.96662647743164598
559.99018836742789063
560.01127234843920633
559.92478087013068944
559.92123846642630269
559.9481384884053341
560.00272603936934956
559.95896265594785746
559.92807059944220782
559.90071089288619532
559.92346107407104228
559.94760264650960835
559.9574527261501089
559.99312770931101113
560.12866039681478014
560.09897581723282656
560.05605282839815118
560.05894363041124961
560.05666882943035034
560.13138036219447713
560.07305383232403528
560.08107707536339603
560.09198598354601017
560.08425754507868533
560.18798926019496776
560.23983006712353472
560.36320351832648612
560.42062969463017907
560.48030820052713352
560.49755902832202992
560.49014179431708271
560.50664216867608047
560.5065149686759014
560.45312549034713356
560.46525043889005246
560.47209846565169755
560.38154864613852624
560.4214311317633701
560.46129601039160661
560.50668340034621906
560.58840445000487307
560.53989493963865698
560.49905246311413975
560.51105700727566727
560.46971592032753051
560.53557251217648627
560.60575170140009504
560.62234088183606673
560.72176670707131052
560.72290030719273091
560.75234283389329448
560.83503031440761788
560.80884001744743728
560.84397603173431435
560.8876041506105139
560.82047094860195102
560.79895331840339168
560.83522689519429605
560.81700519103094393
560.79854146651109659
560.84374196064220541
560.76080565401412059
560.77770245600845556
560.72209413070186201
560.70801869832371267
560.70501989607646465
560.69174770125380292
560.70254820624325021
560.65758943487651322
560.66948157502633876
560.5816271105652504
560.46230413541582038
560.43057667419441259
560.38524571325490342
560.45313057103408028
560.47297922265443049
560.51659213429900319
560.58067525585704516
560.62630317029731941
560.61037643363999905
560.67250601137970989
560.65873259364093428
560.73169814863092597
560.69102734337775473
560.61144016040816496
560.63016750771680563
560.58684753439354154
560.55051993981123815
560.40616297401538759
560.30807239927958108
560.30386999309496332
560.2842033592368125
560.27533810117517987
560.30573404122640113
560.30596444122738831
560.44628985360577644
560.41965587927541037
560.49027401189960074
560.48930401182349215
560.54135896315892751
560.4883637635954301
560.39006669189598142
560.31067381554316853
560.26854638628174143
560.33667312350621614
560.31989472990392187
560.35362952882633181
560.35593392984605998
560.30503494399658848
560.29923692775400923
560.29510492187500859
560.31523240134356456
560.36331206116324211
560.39528918569942562
560.40979063982263142
560.38572667865491894
560.41694441367030777
560.42111241970428637
560.40874506207285322
560.42054359893938908
560.48276726755784694
560.51148644133786547
560.53758632284848318
560.46923892896234065
560.43425056004343787
560.40130117937701471
560.46663520951346982
560.5257904538530056
560.64395896888458992
560.59469100549347331
560.45724342707205778
560.48130698818192741
560.57883782630494807
560.50839230818098713
560.35949301289042523
560.32439501032013141
560.36329511494000144
560.26391620540573513
560.22751538662168969
560.21763730630016198
560.19119496570658612
560.12138943374100108
560.11497741177242915
560.1377603972076713
560.17918952184118098
560.18231872439457675
560.2269069100973411
560.23827263244743335
560.21660298452934512
560.40418388377713654
560.40590068419885483
560.51831170584671327
560.44844489923127639
560.41143427508939112
560.36528968877235002
560.43680815728771449
560.35481104567816146
560.4029055140553055
560.37758656158382564
560.45742334061753809
560.4405245384804175
560.39437875152441393
560.46602378202567252
560.364049506712945
560.36080990387961265
560.44635683707906537
560.37107089733501653
560.45538641251198442
560.52430928360718099
560.55167179068723726
560.5363746923992494
560.56407526353393678
560.70435846887744447
560.63407274839278216
560.55963079010439287
560.52828942485359676
560.61110993285876702
560.69195954462338705
560.70124161126557283
560.71965133119635993
560.77854394693019913
560.7522536327552416
560.78657940274399607
560.7978155209561919
560.8228108222241417
560.79178153283703523
560.83356481069381516
560.92234066945752602
560.93342758302276252
560.95436754813931657
561.01739600535302088
561.05412973540239818
561.08878040198374038
561.17486271964082789
561.26011912374360691
561.26327512636316897
561.29649578125190601
561.16716139683092024
561.19281440354234292
561.24359251132125337
561.22787898800413586
561.16000454220943539
561.1616413425748533
561.06621339062201059
561.03003704572222432
560.92475189658159707
560.91909988153543054
561.00164391756266014
561.02419887370513152
561.0312749032298143
561.11649163536287688
561.06371859105433941
561.09047578733577666
561.04145837515466155
561.06697575967370994
561.12641125020161326
561.09866186968849888
561.11617951764185364
561.01008250545442024
560.94531187094685265
560.86472508682675198
560.88717803005476981
560.91794045576762073
560.88994662778702605
560.87298382106337158
560.90603122841014283
560.87847028392184257
560.77541878342196924
560.73882910176496353
560.72642134258364877
560.78312132804524026
560.7113717633193346
560.71779818543620877
560.68980195698532043
560.62700212585900772
560.62069610496200767
560.57624558745044396
560.54457053939529487
560.43650629862145252
560.30362069568900552
560.32877202147653861
560.18850087526300285
560.26462361282767688
560.1693888992514303
560.18469719819506736
560.16151536009544998
560.20429708409790237
560.26880864816382655
560.29037988458242125
560.33867687051758821
560.34525289421537764
560.30966873987438248
560.3043071270302562
560.34647177281362929
560.39242825944222659
560.46703404498657619
560.34047779959337277
560.33658139466376724
560.45142264386390707
560.43037546693540207
560.5021362460842056
560.72614793432103397
560.63301507522396605
560.67314566009474675
560.6035019246144202
560.69941859319499144
560.60109746346074644
560.6239584590529148
560.73235446950150163
560.66718461399761964
560.67004221594220326
560.64335503215784229
560.59860716683203918
560.62910272996600725
560.69400109861271631
560.77956165671355393
560.80055362754467296
560.79851002683346906
560.80123682852308775
560.78756301547412022
560.74417300925176733
560.83723531569660281
560.89389006484930178
560.77340733126231953
560.77156093073779175
560.73197296133503187
560.82284544369849755
560.8793889037712006
560.91675965241165613
560.95404277053523856
561.01103218968478359
561.00797498730355528
560.93621981536682597
560.92600052643115305
560.94912115632985206
561.07300414953874679
560.99299108928357782
561.01150321793932108
560.96286683276753138
561.01056427353285017
561.04314675573971272
560.96411083877569581
560.93332360719045937
560.99654625773302996
561.02303900715378404
561.12222905202247603
561.11049531739877239
561.13803105710564978
561.15917624493829408
561.08665047126044101
561.02607155198586497
560.99088872323409305
561.06699744051138623
561.14585668246957084
561.10918177222629311
561.0201650382060734
561.0472194882788699
561.03950224997856822
561.00684694840526845
560.99311193248263407
560.9824994328808998
561.00632896044282916
560.98138166665796689
561.02226896188847149
561.10271231380329482
561.07756418852181923
561.11137020774606299
561.08085504005191524
561.06164804960519632
561.06917608515698248
561.01401089953253631
560.93516087188334041
560.87681912907828519
560.84785430421811725
560.85984364783280398
560.8744943098810154
560.84467970153320948
560.85368776244604305
560.89067357809994974
560.86095819172544452
560.91481160337878009
560.89708273902624569
560.84767949334911918
560.80638442603640215
560.77126441668588086
560.74525495051807411
560.72798772150179047
560.61367420052306443
560.64765947122373291
560.62810524817234636
560.58709390095236813
560.74928330631996687
560.70620424535957227
560.70059223063060472
560.76824322010543256
560.71867107105799732
560.6377950161137278
560.66733956499751912
560.6616615497426892
560.6199202902015486
560.54651454630732133
560.57928587891808547
560.60647075296890307
560.68565249785058313
560.75046317435112542
560.75181357455630859
560.78293328576830845
560.73663741868438137
560.70542808571519799
560.67319249458216746
560.62116316058427401
560.59923988254411142
560.46609594027756884
560.44901232480208364
560.50010623733021475
560.55956294659301875
560.6110699307773757
560.6072479261248418
560.52904569609302143
560.53920178338887581
560.60980830154733212
560.53591950323016135
560.47689197031127151
560.49919849520722437
560.50152129625155339
560.45642365451726619
560.48584137584737164
560.44659233807078635
560.4274577542763609
560.31964544587560795
560.27007049510746128
560.27211169581619288
560.19205296249651838
560.28871976723632997
560.24182117309055684
560.17118021201997635
560.06226868305054722
559.97724910759188788
560.02374668318930162
560.02608468425432875
560.01862464965734034
559.99011751927218938
560.07545487043034882
560.03405175694786067
559.99194433655713965
559.92706719023351525
559.91754631831429379
559.78631028677580161
559.76036723180970966
559.73148722468465621
559.70054795689986804
559.73255308860063906
559.63867540381784238
559.59503968132389673
559.76593720569985635
559.71547850243064204
559.70722245553497487
559.65702511770007277
559.6887489780154965
559.60328419478798878
559.60067019329949289
559.6048189992504831
559.6471617244949357
559.58428782029784543
559.60849260196948762
559.65025987284457187
559.70269428299718584
559.66984052820521356
559.65685794585988333
559.67316070692925223
559.69869089353312575
559.56244411955765372
559.64442039619416391
559.65741297896124706
559.53759784893759388
559.55534791495801983
559.48207354756630139
559.45644294453711609
559.4091777473026923
559.38560705608449553
559.27200062587814955
559.27928185804671557
559.25352123355776257
559.19809344729662826
559.17966692594097822
559.21463128751906879
559.1592495365683817
559.16426794710048398
559.08822933114811349
559.1150849451078102
559.08863020234559826
559.03796296584823722
558.94622989244635392
558.89875097535366422
558.80079191604113475
558.75899223102260294
558.74457558133167367
558.73711834677362731
558.63586633264333159
558.63376393186888436
558.66172215288338521
558.70580729144955967
558.66169814121417403
558.72785065513335212
558.82360214503637508
558.83506027039481978
558.7771472895617535
558.69588780533308636
558.64177340362334689
558.60740001959254641
558.58316883404972941
558.52650287590552125
558.53224169165559942
558.47912520677994053
558.50085966232825285
558.4391985329648378
558.42030637107882285
558.39784022618607651
558.35675084610136309
558.28359663959156478
558.25025955247201637
558.25404315698574464
558.24273543649928797
558.11055893824516261
558.05750930043802782
558.06213490868560712
557.91275575493943961
557.85612622600467603
557.7798893229640953
557.75471599369404885
557.66113896825561369
557.63681776945213642
557.58480964979901273
557.51374095232301897
557.43554633391556763
557.39861133561271345
557.39501213172729877
557.36089402252684977
557.25478337202616785
557.23481990903292171
557.16117984876734681
557.09465492542017273
557.09733692702786811
556.97418069887385172
557.02389853765214411
556.99083792669955528
556.99974998568563933
557.00532280010816066
556.93658254514139117
556.89275833256317583
556.7862405337546079
556.70936189130281946
556.71622391822893405
556.69666849506290873
556.64814257504349371
556.71925172358271539
556.73342516084881026
556.62058558306659961
556.51430244716539164
556.41399763399908807
556.36542248498096797
556.30128050297901154
556.25467606951224298
556.25344766935779717
556.2339026471854595
556.14533599911817419
556.15445846238139893
556.07972850392263808
555.99479308019999735
555.91353039068565067
555.85863861193536195
555.84978535410914446
555.79605723304257481
555.7841658929210098
555.71334430612478172
555.57401213296520837
555.45527924292434818
555.44239106452789656
555.43084133613876929
555.38230661093689378
555.34367340657036038
555.20116270435460137
555.18744968946793961
555.11944949869132415
555.10354156322478048
555.12001673587110417
555.05654703765947033
555.03431972258101723
555.02997451574424304
554.92112396715015166
554.86767604714952995
554.70931190457383764
554.62931887633817496
554.5923018500039916
554.54847563646535491
554.56349711891914467
554.5099014931901138
554.48687727612127674
554.43902854906980338
554.38017716904516874
554.27060607622365751
554.31975076502476441
554.28208631305597009
554.23501882574043975
554.25974768583887453
554.11763338392779588
554.00374965874493682
554.036236115545762
553.97947928437463361
553.88094965048048834
553.84199112373164553
553.77847177551188906
553.68829952567728014
553.62710803905054036
553.56691627249028897
553.47946578296853204
553.41976966139156957
553.35935008783587818
553.2890691732814048
553.27552976645324634
553.17032564126316174
553.08086201868695753
553.03325142720962049
552.90996470496600068
552.94139929317395854
552.82771059790923118
552.7749611700286323
552.72629596781177952
552.67332278369224241
552.57505458159698719
552.61778228091816345
552.50464655998644048
552.38937870208008007
552.48920552067829703
552.52880429431422726
552.42901757541267216
552.34073267738813229
552.2910472586229389
552.25390538938734153
552.12108125690372162
552.02913493446908433
552.00670039355827612
551.87343832887461303
551.81659582864426739
551.81510382836745521
551.78881911515998127
551.75775101642113896
551.70565243551834556
551.59492744980275347
551.48478864762194007
551.40084098260115297
551.30434778206472402
551.31171181534318748
551.10683457254913264
550.99113889143882261
550.83727284659266843
550.69405012344691386
550.6940281234469694
550.54736298236957737
550.45309122698347437
550.37739069708754869
550.23149043330147379
550.19520845374643159
550.0713860924599885
549.94492502687819524
549.89445191443849126
549.81144067899367656
549.74742883047758824
549.71219318536020637
549.55378396122966933
549.49477444398974058
549.4039913457207831
549.36396040085639925
549.22050327780686985
549.10381866649561289
549.0395181211124509
548.94686228965008468
548.80638131312218775
548.68071178410491484
548.58116004781550146
548.45654182422299527
548.37900820669256063
548.2772095864545463
548.15399553951010603
548.02676538858702315
547.7730389130289268
547.76417485499086979
547.69012463607214158
547.70973646464597095
547.57080060329474236
547.45707097600416091
547.28284882392028976
547.17142328181694211
547.14514576985277472
547.11709072985524926
547.07299478603954412
546.93362804561240864
546.84130051528120475
546.69242454879997695
546.63783459604746895
546.51233212400177308
546.37106646725248993
546.40115513705677586
546.19384504215429388
546.19323944213579125
546.10083615044709404
546.00221589677039447
545.94811230296761551
545.82147413018969928
545.69287278545607478
545.5606970907010691
545.51477582264703869
545.32859548102373992
545.29782385313353643
545.19672462934704527
545.08869208089106451
545.01566804807418976
544.88205120877762511
544.80974091737050458
544.62549991253467851
544.56120577376839265
544.49599907915512631
544.38438896439220116
544.28750244600985297
544.18543472797364302
544.05690929605998463
543.84224272649589693
543.69764732075441316
543.56723038407221793
543.48285716639327347
543.42648824532398066
543.33127477984248799
543.26727574444032598
543.15918181714221191
542.96812071767760699
542.89192948088691537
542.81470512582336596
542.72621182127716111
542.62095274423757019
542.59776010468624463
542.46373865940415726
542.22322876864859609
542.08541666947564863
541.96060168273720592
541.90323635652021039
541.7950489564768759
541.69940050212665028
541.70262490492029883
541.57769587476434481
541.45615447483635307
541.3731500511116792
541.27094998854215646
541.06434337301220694
540.90695126247794633
540.71273628274263956
540.56509387016501478
540.40339083990056679
540.21843013835166403
540.05672509498458567
539.90747103591615996
539.64984471355080586
539.4351498201309596
539.27723688677826885
539.25869315541046944
539.15760676435502319
538.96403902982376621
538.86325981978882282
538.7141014915513324
538.64628511252567478
538.42404529589646245
538.32649521206928966
538.11455866124640579
538.03077207914600422
537.87740134500847944
537.69922223733203737
537.57600859190768006
537.35335368233779718
537.25332476004734872
537.04622531001155039
536.91626108624927838
536.76925089188500806
536.60880518180351828
536.44002082372242057
536.24066236557689535
536.11145932834733685
535.94587724317239008
535.79108369742812101
535.64214981106988489
535.57522404188364362
535.44345852791059315
535.37965529225266437
535.19701487750137403
535.07827877616898604
534.8585975372085386
534.79040512376468541
534.57607438766842733
534.40752851770071175
534.28311789669305654
534.10852453599568435
533.93139486532231786
533.79733484729933934
533.62972676941490136
533.4950343049397361
533.34718919021702277
533.15134117929562763
532.94843265677673116
532.80794645455034697
532.72184450055283378
532.53654934970165868
532.47080127523668125
532.35178699345021869
532.16205910364305964
531.92089826435858413
531.78734932708096039
531.66885045826768419
531.55066789430009067
531.33246098373331279
531.11766412372264767
530.94988645917123904
530.74625694004555498
530.46409570365221953
530.20939444743771674
530.12308811421632981
530.00745905542487435
529.9265769906631931
529.63027115601141759
529.46959235004430866
529.27983540024285958
529.12262239309325196
528.90152975379146483
528.73298549521371115
528.49674528988634847
528.32793635758912387
528.12761676707782499
527.9306363038795098
527.75592928081766786
527.58123394649055626
527.23936434452605226
527.06936894067041521
526.87469686753377118
526.65576780045853411
526.43405522561874932
526.32534549277693259
526.18313430297803279
525.98486412859006123
525.76053650425217256
525.56647698011704506
525.33460404702566393
525.1340085027962914
524.92723249086202486
524.7621848405159426
524.60807374872365472
524.39912887734078595
524.07280685517230268
523.90311684314667673
523.61937600762882994
523.41448259633455109
523.21982223344059548
522.99850365258555485
522.82368981811964659
522.56680645368817295
522.36709005619638901
522.11440367514887839
521.9044829810821966
521.72165702604672788
521.46946849281619052
521.17925826255918764
521.00682427390779594
520.78106507606867126
520.59151114094709101
520.37418256187174848
520.12536638602045969
519.88226741521452823
519.58164730870407766
519.29222989574304847
519.07222760872036815
518.70227966392599228
518.42437561045426264
518.24564090261696947
517.9717743118103499
517.66479407736835583
517.45945278800240885
