7.2453158832445909709
17.347213373664033043
25.5714689151990342
37.595214003917249102
46.846280365805391455
59.052348011323061883
69.061151078504479983
79.239037476020342865
87.726465843974125391
96.754364651955782506
104.70022423411349166
114.80212172453293817
123.74996782359089309
131.77825494703890286
141.28962640906087245
149.42809112211656952
158.43945862790496903
170.46320371662318394
178.37026326868991077
185.46110903952887838
193.81679905573216161
201.90841846491650813
209.73206439575145055
217.33848780407365098
225.64032158511585635
232.81388367981162446
240.6941219706963011
248.82916687671061595
256.3826616130178877
263.57069913657710458
270.57515983285287575
277.99983354607320507
284.73581582062524831
291.98113170386983484
298.92562538605358213
305.84954334040935464
312.59485478094165956
319.53313125723116173
326.35453709887110563
332.89343029380989947
339.06336876387769053
345.24198750075902353
351.72556568135502175
358.60760282207502314
364.91304994167387576
371.44159388573848446
378.12575615292661269
384.3048593339979675
390.53668632459368837
396.56198609323615756
402.73866938712609453
408.9776715610682345
415.03036633364956742
420.88268415049674331
427.11706782363842194
433.08225256172590889
439.10340322739301655
445.67974362509528419
451.77565338258165184
457.87603347323357639
463.32460839701013811
469.13074687830385301
475.01254618683060471
480.91289888733712132
486.8495130879165913
492.43148784315667399
498.05414537256291396
503.51712293354501071
508.7919051510961026
514.21091056709224176
519.55787744094186564
524.91400064731101338
530.37650271495192555
535.98724996927421671
541.25436458756223601
546.69059056962555587
552.05465950882023662
557.28258819189375117
562.40879188606550088
567.53448456138858091
572.66547025044405927
578.03624492037852178
583.21400295932403424
588.50369615792249078
593.54747560777343551
598.50777774957225574
603.53813917712034254
608.47527559382183426
613.4363012131098003
618.59241897132721988
623.22446163730319313
627.97017681471356809
632.89313363298299464
637.74268870417392918
642.49239304954903673
647.18118084910236121
651.93678017791478396
656.65545663612704175
661.16516022500570671
665.71050360268145596
670.28097403991398551
674.8313322840147066
679.48443288259954898
684.02421164825477717
688.71821712315897912
693.08120435272201121
697.44129752458218263
701.88315788663283001
706.33129747520183628
710.67870531609162299
715.16798908169653259
719.48701049925512052
723.80272073914943576
728.09359385257789654
732.39943412718992022
736.5049674543497531
740.78338402093788773
745.04081220050431966
749.31338832599169564
753.54449630329247611
757.78178307787527501
761.95219163257286255
766.16644441385233222
770.25438655581342573
774.50032896709046781
778.51608609573543163
782.59996838260326513
786.63592526452907805
790.85352708725235971
794.96459205106236823
799.13500060575995576
803.08348892261972196
806.93468283597269419
811.10776514724693698
815.14260894766755428
819.1785658295933672
822.96423946978143249
826.90467761062916452
830.91127796394255256
834.79390425695999056
838.62223815524077963
842.47746362492421213
846.31374897165164839
850.06118500071397648
853.94098309430717109
857.70598433051452503
861.42960856412344128
865.22570374341125898
868.86991605756088575
872.57716214365370888
876.24203742965732999
880.05025894799007347
883.76346639508278713
887.46729676107474916
891.09080898633862944
894.77634202193405599
898.27340196939223915
902.14626315563839398
905.83079127677547149
909.44330228292687934
913.05405588403607453
916.58100848564981789
920.08337398601008772
923.73061154702872955
927.36312760329735738
930.8534097994908052
934.4821483744303805
937.86344916056816601
941.36180669533860055
944.96416523785319441
948.39528250000421394
951.77172068090260382
955.2977724269413784
958.69032587807771506
962.11271595244784294
965.55196826044334557
968.81890601190173129
972.17814256807741913
975.54427006975686254
978.97565091254659819
982.32138910731873693
985.75356108298376512
989.11514114959538801
992.45626592844121205
995.73588590572160228
998.99297456800741202
1002.2796252345290213
1005.5634581201145465
1008.7716663050952093
1012.2021907487967383
1015.3497641372964608
1018.6499445667544705
1021.8988844454389664
1025.1063966997621719
1028.2569876354998542
1031.3993318385416842
1034.6002017396294832
1037.7297684335826489
1040.8845572403872666
1044.0964667076746082
1047.2618858956461736
1050.466111903307592
1053.5350233136327915
1056.7366913464472873
1059.8851513817176055
1062.93372718407295
1066.0044073893564018
1069.0006038603769412
1072.135639042459843
1075.2331994011267398
1078.2072942031861658
1081.2305780981341741
1084.2209223237775859
1087.1877969997963191
1090.2329775391090152
1093.1503999607718924
1096.1331779145773453
1099.0333309198497318
1102.0396770106924578
1104.9966496046972679
1108.0022835131485408
1110.9253296073827642
1113.7594687440428061
1116.7378966098476667
1119.5268874056757795
1122.3717785896426449
1125.3791269648486377
1128.1851791888709613
1131.0789973668565835
1133.8851054070141799
1136.64781250361807
1139.4507434207591814
1142.3312231236486696
1145.1903782874703666
1148.0729073959021207
1150.8884507281516107
1153.6825292767994142
1156.4374739552522442
1159.179176031442239
1161.9543964321237581
1164.7567523357338359
1167.4905019244984032
1170.1216099041732832
1172.9089891535040806
1175.6010240141260965
1178.2969868602162933
1181.0254249342608546
1183.7695024955201006
1186.4422623300233681
1189.1239935577011693
1191.7447572599849082
1194.4727089580305801
1197.0445017390131852
1199.7048673112356028
1202.3573200027249186
1204.9321954884196657
1207.5578258370017011
1210.1866854838524432
1212.7973847504890728
1215.3645158391955192
1217.8131156858751183
1220.2870472561505721
1222.8452102290063976
1225.497597885232608
1228.0195283793002545
1230.4866702503047691
1233.0356359695208539
1235.5558238066764716
1238.104834142824302
1240.6124787395840485
1243.1198505765621576
1245.5942706121081756
1248.1109519328599617
1250.5590328679793402
1253.0177006117071414
1255.4887195330061331
1258.0397989891491761
1260.5738248397510688
1262.9700892211938026
1265.4307973846709956
1267.8749528582957282
1270.2833976698505012
1272.701016523752287
1274.9971342504500171
1277.3363722956250967
1279.7550696037458238
1281.9974931597043906
1284.4263166936450489
1286.8705402072910147
1289.2828608226936922
1291.5297284455461977
1293.8768605269876844
1296.184259892195314
1298.460345521247973
1300.7276997576343547
1303.0410294747055104
1305.3871327959311657
1307.674495480559699
1310.0036377245739914
1312.3670446701935361
1314.5590468345533282
1316.8185837360238111
1319.0230514918955578
1321.262712774090005
1323.5093838280861291
1325.7387980938060537
1328.0375666502691274
1330.2507033073866296
1332.5046101619986985
1334.7650469867194261
1336.9391856895888395
1339.1550261705374396
1341.4187644384858231
1343.5946169147889577
1345.7936316624582105
1347.9821642879128376
1350.0683476093940953
1352.177960541872153
1354.2889529422450323
1356.4323804158261737
1358.5570614254795601
1360.6588819678706841
1362.8132795514989084
1364.9691384394275246
1367.0378328572398914
1369.030357722307599
1371.0535044920738983
1373.0699020998360993
1375.2162712506717526
1377.3450287939190275
1379.3981934574151182
1381.432018516768494
1383.427567907143839
1385.5170022136462649
1387.5471281507489039
1389.6240723688401886
1391.697827248935937
1393.6739945421002176
1395.7415749087626864
1397.7820142802897863
1399.7739994444775675
1401.7437377329160881
1403.7552643813244231
1405.7918780464103747
1407.8432185590388599
1409.7510293341033503
1411.7022620983489105
1413.6844387195278614
1415.5919029568115093
1417.5263153386997601
1419.4554986749524232
1421.4063092511512423
1423.2999052444838526
1425.2296394723014146
1427.1663743778076423
1429.0792333684210007
1430.9985301932804305
1432.9420196833514183
1434.8794902907800406
1436.7876565817391565
1438.6637607327681962
1440.5723093078872807
1442.479595868022443
1444.3454255580943482
1446.2978705624116174
1448.1096268204639728
1449.9981057343773045
1451.8660997699387281
1453.7301729127798353
1455.6477052102104608
1457.511916039901962
1459.2920224102872453
1461.1091408227243846
1462.9732742018559293
1464.8095697577080045
1466.6283191803513546
1468.4084498482689014
1470.2307425023686847
1472.0031756836008299
1473.8482437763650523
1475.6680343863463349
1477.4798569224210496
1479.3154021753555298
1481.1010999440136402
1482.8748064021010578
1484.5865168068319235
1486.3214786921012092
1488.0438731452493357
1489.8243197193139622
1491.5336469299445525
1493.3535958688564733
1495.1561124430870677
1496.9223167161615038
1498.6716286840890007
1500.3964670558455055
1502.0833667178146698
1503.7947838310451516
1505.5343425035480323
1507.2720056631083025
1509.0143216501635379
1510.6890634299431895
1512.3538986013707017
1514.0331471430151851
1515.7046493380826178
1517.3660131974311298
1518.9198486487091486
1520.545688916317431
1522.1852558397176836
1523.8796106371971746
1525.5015977887444478
1527.2110791322209025
1528.8326815190630441
1530.4677808570700108
1532.0996680404928156
1533.7410654979071296
1535.4017360786112931
1537.0879454149114736
1538.7033905502087237
1540.2957015773233707
1541.9003351866040248
1543.5104764639359018
1545.0777739346819999
1546.6240967677563276
1548.2545447601437445
1549.8876091709857974
1551.4466244046027441
1553.0546781557445684
1554.5612123060182057
1556.104016480624523
1557.6921617824636996
1559.2389612865242725
1560.7628404702702483
1562.2599300763429255
1563.8214127216683664
1565.3788547901451693
1566.8888668897384377
1568.4218680807671262
1569.9426799408042825
1571.431579200488386
1572.9594870405564961
1574.5237345617538267
1576.0496778954379806
1577.5808380824000778
1579.0394416423498569
1580.5718266408132422
1582.1028431981499125
1583.5387886753148905
1585.0348680458673698
1586.5263259821363135
1588.0585672375530066
1589.5349592706527346
1591.0025899905992901
1592.403990284306019
1593.8634955839791019
1595.3947925734200908
1596.9077764752298663
1598.4246118456426302
1599.8957939922534024
1601.3041024125202512
1602.6423037716688214
1604.0780431336586389
1605.4930470938375038
1606.9191860022722267
1608.3603704309678051
1609.7674759084777634
1611.1286225881267455
1612.5522918722144823
1613.9102645059481347
1615.2998871901397706
1616.7134164255353426
1618.1586578237379399
1619.5563536727675
1620.924305259625271
1622.2656500211558068
1623.6664764652250597
1625.0560678371873564
1626.4065778711430994
1627.7692336971972509
1629.1606985776602414
1630.5256731091462825
1631.8727785481789851
1633.2210873472101866
1634.5677409823647395
1635.925707470625639
1637.2476096168043114
1638.5771282504474584
1639.8834499966494604
1641.2175862709841567
1642.5439287840677025
1643.8427052960328183
1645.2009852318624326
1646.5354245380062821
1647.8792723464250685
1649.173026850721044
1650.4823149216636011
1651.7714396291999037
1653.1260233488837912
1654.4135248966383642
1655.7152251866891675
1657.0163189258207694
1658.3131193072351834
1659.5654381162437403
1660.8045420358910178
1662.0581106847009778
1663.3108691532020202
1664.6312376003813824
1665.7940149092228239
1667.1025743598420377
1668.4021704628937641
1669.6531015777720768
1670.9063518979578475
1672.1680076233324144
1673.4286112427510034
1674.6641298510257911
1675.9388049658659838
1677.1115841561747857
1678.3410724433038013
1679.5141896321097192
1680.6843665888497981
1681.8938526451613598
1683.0467514658507753
1684.2115580562638115
1685.4232659406573021
1686.7110920007417008
1687.9011811045777449
1689.0805871925635984
1690.2182050155281559
1691.406064409699411
1692.5286337952302347
1693.7677377148775122
1694.9207900679773502
1696.0116732815833984
1697.2173607108190936
1698.4216052350229802
1699.5756339024692352
1700.7375736588714972
1701.8744354812911297
1702.9792707897681794
1704.0823093114508993
1705.1903411325572506
1706.3574663928968675
1707.4874127535094885
1708.6335573098392615
1709.7664318766383076
1710.8802110787664787
1711.9820099066139392
1713.1064587583534831
1714.2475231010182597
1715.4000600723793468
1716.5045155676059494
1717.5602210373240268
1718.5947914204266453
1719.6336774108599457
1720.779193720832609
1721.8837722462205875
1722.9259345057616883
1724.0096793184832222
1725.1210630942462103
1726.2054909552330173
1727.2668438481612156
1728.3399017019769417
1729.3404125215552085
1730.4017235247818007
1731.4812005370145016
1732.5659514701951593
1733.6281318595233643
1734.7704391041193048
1735.8253405500611279
1736.8460306460469837
1737.8221573799226007
1738.8535871878043508
1739.9209496208009114
1740.9146337886170386
1741.9291804758038325
1742.9452382977015077
1743.920173024218002
1744.9437100686973281
1745.9034912907682155
1746.9329606132848767
1747.947005532761068
1748.9226845597963802
1749.9367601963610923
1750.917197609266168
1751.9154914746736722
1752.8922874227700959
1753.8465718792135704
1754.8370786122895879
1755.8155157487051383
1756.7584897490480671
1757.7325346611908117
1758.6676503780045095
1759.6478912097006742
1760.6280110770710507
1761.5805624990377964
1762.5314618062541285
1763.4361306222654093
1764.4160841745404014
1765.332322407005222
1766.3351288455205577
1767.1367492751987811
1768.0906601201718331
1769.0028154140738934
1769.9191026459507157
1770.8293510929381682
1771.7344051277502786
1772.6311543064227862
1773.5957350085402595
1774.5124387769740224
1775.4238751541452075
1776.357420473240154
1777.2082970875815136
1778.1037151319651457
1779.0105400323191134
1779.8953452997313889
1780.7857224644919825
1781.6632085233709404
1782.544187268176529
1783.4388137863784323
1784.3662753099881684
1785.2482970497842416
1786.093905004927592
1786.9618504111435868
1787.8408940481881473
1788.7823170127824142
1789.7208785347470439
1790.5250121198564557
1791.3575486570891826
1792.1981459600733615
1793.0550193392627989
1793.9488594477118113
1794.8044711568959428
1795.6174175163016571
1796.4606900430894711
1797.2340070881477914
1798.069409366535865
1798.8981141808746997
1799.7435460706826689
1800.5706489469516782
1801.3993395804354805
1802.2411624763544751
1803.0431992589233232
1803.8237184466886447
1804.5758684796251146
1805.4138313520174961
1806.2389178762809934
1807.0105506981176404
1807.7951847602223552
1808.5868370542623325
1809.3707414967680052
1810.2091930735859933
1810.9661744524808
1811.758045781924011
1812.5285363319339922
1813.3380928831284109
1814.1343300509647634
1814.935847572122384
1815.7228298493985221
1816.5224957056364019
1817.3348454761778612
1818.1122942222264101
1818.8822207499815704
1819.6696217377063931
1820.3933478314831973
1821.1219980387625128
1821.8659571615178265
1822.5795338726907175
1823.2936498426645358
1823.9943726122262433
1824.7488522253881911
1825.478814527564964
1826.2459781076368017
1826.9725839200107202
1827.729542294443263
1828.5014434116087614
1829.1876027115692978
1829.8743546939863336
1830.5654700621234952
1831.2560683245931159
1831.9582531592075156
1832.6365300104071139
1833.3034047130161071
1834.0078156178419704
1834.6788288424315851
1835.3982112295277602
1836.089124241385889
1836.7850507105447377
1837.4807564830996398
1838.1941564840599312
1838.8501508271579041
1839.5423681517784189
1840.1674568190601349
1840.812395494104976
1841.4895530573514861
1842.1960696601722702
1842.8532112755494836
1843.5569130878520809
1844.1609484941704977
1844.7955230324726017
1845.4790615512804379
1846.1028734137921674
1846.7420840409254197
1847.3601871169969399
1848.0104025128721332
1848.7348061959132792
1849.3930287636624143
1850.102444291651409
1850.7522869268543673
1851.4029683349590414
1852.0405518199684138
1852.6824702699454974
1853.3140033406234579
1853.9844626561371115
1854.6428498458997183
1855.2750933687652832
1855.881089826706102
1856.5212868648955009
1857.1513553904860601
1857.7551501204504802
1858.3255177525109048
1858.8533526724063449
1859.441430549424922
1860.0177974393291152
1860.57311317210997
1861.1529071531620048
1861.7128702432623868
1862.3070342901496588
1862.887701861396863
1863.4732977446165023
1864.0894678566712628
1864.6300765330020113
1865.174212399040016
1865.7444803450794097
1866.3027064676109603
1866.8869923916622611
1867.4350206026049364
1867.9985033619600472
1868.5215119274171229
1869.0964681095058495
1869.6318994820114767
1870.1671290605631839
1870.7194892523980343
1871.2785794351389086
1871.8411538469738389
1872.3840677280068121
1872.9159070398989115
1873.4829951472927405
1874.0109029152304174
1874.5066739703495386
1875.0936369099260901
1875.5184817737283538
1876.0696043584196104
1876.6188260557566991
1877.0821440464769694
1877.5922657321605129
1878.0555795043517264
1878.5658888947539253
1879.0649939805264239
1879.5493586633090217
1880.0644660507380195
1880.5786594948647235
1881.0391646241353101
1881.5039340295304555
1882.0404861964043448
1882.5202961623897409
1883.0081129983489063
1883.5150109463374974
1883.9735182188333056
1884.4064854801920319
1884.9151484878864267
1885.4113829133466425
1885.893416663027665
1886.4009796150683087
1886.8963511082915829
1887.3633914239323985
1887.7530894370936494
1888.2656818514265069
1888.7069199278439555
1889.1282020094802192
1889.64008590665253
1890.0294142450961772
1890.459947510105394
1890.8821409439553918
1891.3271502556392534
1891.746480616494182
1892.1591259072090452
1892.5877790267761611
1893.0278544397422138
1893.4313491022214748
1893.8626237439673332
1894.2986510028279099
1894.7384284517409014
1895.1962952518799739
1895.6395781456526493
1895.9755100637332816
1896.37761796281643
1896.8043749432479217
1897.2115028281757532
1897.5914650862155213
1897.9988305559641049
1898.3783948016728118
1898.7450520271936512
1899.127050418268027
1899.5500508356635692
1899.959292373860535
1900.3262101704133329
1900.7253459326307166
1901.12140732262651
1901.5098136655278722
1901.8587556936324745
1902.2307633095599613
1902.5991661827915777
1903.035424070668796
1903.4197581358428124
1903.8048225707016172
1904.1628795405115397
1904.5561011706204226
1904.9376184496447877
1905.3355600201682591
1905.7008070666586264
1906.0602269627054284
1906.4100060205705631
1906.7065440826602298
1907.0658607151713113
1907.4866286695880717
1907.8210304056358382
1908.1946859888221297
1908.5458919880231861
1908.8743864038917764
1909.1764831350847089
1909.4913386801908928
1909.8479835099240063
1910.2069821026514091
1910.5512216883780638
1910.8786602121165288
1911.1932656648075408
1911.5071864881640522
1911.7989956994410932
1912.1631636433787662
1912.521873124618196
1912.8019864216616952
1913.1292277560414732
1913.4257494638266053
1913.7437955716939086
1914.0630806074145767
1914.3635734833187598
1914.6637390890093684
1914.9608373098151333
1915.2698940277605288
1915.5739019779634873
1915.8261957678530507
1916.1058359190335523
1916.3900579267226476
1916.6627227587111975
1916.9075300971926481
1917.1914092816698485
1917.4866023335298451
1917.7847146820424769
1918.0613372184973286
1918.3190054283891186
1918.5247885526043774
1918.8191804478360609
1919.0232699127445812
1919.2559946344968012
1919.5452793073891371
1919.7991988596534156
1920.0473362654345237
1920.2660358068812911
1920.5261037758189104
1920.7831660618162459
1921.0358825179330324
1921.2856367171045804
1921.5389506339877244
1921.8005401914060712
1922.0290412496572117
1922.211530007722331
1922.5018848419283586
1922.7428642708757707
1922.9761363547620476
1923.2160241581877926
1923.4125340972580034
1923.6871714004369096
1923.9622937518881827
1924.1861600322513368
1924.4137695987817551
1924.6163152180183715
1924.8475399397163983
1925.053197747349941
1925.2623650312445989
1925.4799635770402801
1925.7574464133492711
1925.8910528061612695
1926.1287253304587921
1926.3748361065820518
1926.5713500843937709
1926.7956173559744002
1926.9994481492572049
1927.1688480866439477
1927.3709532286609374
1927.5896325300279841
1927.7408158320968141
1927.9976341351548399
1928.2210913419371536
1928.415501351097646
1928.618851194884428
1928.7912166770147451
1928.9521390506938587
1929.1533107688183009
1929.2848762182204609
1929.4460924898610301
1929.6637760343094214
1929.8192162544607982
1930.0253025706165317
1930.159965702483305
1930.3433418432580311
1930.4804241062809069
1930.6002472650523032
1930.7825746885143872
1930.9620992991165167
1931.1156080423904768
1931.2508739107242945
1931.3932740539230508
1931.5492817002354968
1931.6999822630912149
1931.8371248085531988
1931.9311901069143005
1932.0868999519802856
1932.2799371613289168
1932.4432833950907025
1932.5589642266259034
1932.6951342456961811
1932.843574212208523
1932.9886601818466261
1933.1215835510613488
1933.2823931985960826
1933.4939062384307817
1933.6082827649074716
1933.7278490056667124
1933.8401508835811455
1933.8996244077000028
1934.0259842700593254
1934.1365808635089252
1934.2990170874015803
1934.3806023109152648
1934.475445341361592
1934.5842766330370068
1934.7391092117265998
1934.8852688534052504
1934.9819320497288118
1935.0830260602172075
1935.1814053303196488
1935.2496598159352743
1935.297264804238921
1935.4252190943973346
1935.5269146483472014
1935.6129076008271568
1935.6946450778877988
1935.8122524477846582
1935.8891062535863057
1935.9596274656425976
1936.0058236794634468
1936.0953233741504391
1936.1549130010757835
1936.2312260147095913
1936.3163052980110024
1936.4125515260175234
1936.453253144018845
1936.4699775338328891
1936.5470196180583571
1936.5571677051480037
1936.5897345832161136
1936.6872116938441195
1936.6992758401636365
1936.7566075387467208
1936.7968009489447923
1936.8314964289922955
1936.9210802921641061
1936.9536231638728623
1936.9872703379346603
1937.0132477986969661
1937.0647992123610948
1937.0862440341609272
1937.130003015475495
1937.1118185143936898
1937.1634019493362757
1937.2417900639518393
1937.2320339865698315
1937.3227481430940315
1937.3352163046113219
1937.342804341019928
1937.3690218426495449
1937.3984559675300261
1937.3953879651235184
1937.3794996308954524
1937.3751076238354472
1937.4553907172812615
1937.3665523354040943
1937.4268225730902486
1937.2965827865286883
1937.4221434873682028
1937.2487463348245456
1937.2961352012832776
1937.362663728615189
1937.2890424938420892
1937.3535888941473786
1937.3261231676765419
1937.2823561825309753
1937.2748081466950225
1937.2873483110267898
1937.2616508969977076
1937.2810635066105078
1937.2681993292087554
1937.2252567313407781
1937.1658432602405355
1937.1450865150320624
1937.143710514814984
1937.1742688925808125
1937.1707048888083591
1937.1458476089769647
1937.055590386484937
1936.994279187646498
1936.9132228375422073
1936.8472108769558417
1936.8168045345014434
1936.7984320177163227
1936.7767471680124345
1936.6992123486775199
1936.6162608158915646
1936.5765876130310517
1936.4966691037670898
1936.4278379413533457
1936.3913498936112774
1936.3659685311142766
1936.2479597717360775
1936.1971048143659573
1936.1341520321686858
1936.020590145321421
1935.9542137858566093
1935.8733978290069899
1935.8223067183066632
1935.717418663449962
1935.6427680154997688
1935.5177775461243073
1935.4405872417542014
1935.3571909406366558
1935.285940813679872
1935.2480682875261664
1935.1936988983529773
1935.0552381144914307
1934.9622591881554854
1934.8573911883463552
1934.7351271102465944
1934.6308286650037189
1934.5052157588579576
1934.4130064798521289
1934.3088002848123779
1934.2483899196540733
1934.1397752669247438
1934.0350115530227413
1933.9540954326009796
1933.8427084097700117
1933.7121151243393342
1933.6074396519140919
1933.4937774420272945
1933.3201586295492689
1933.1882275983184627
1933.1389856506998512
1933.0424467438861029
1932.9528909369109897
1932.8579196180123745
1932.7913590552420828
1932.7054542653806948
1932.6384932567432315
1932.4860748666869767
1932.3131411711913188
1932.1577894833635582
1932.0892666842660219
1931.9549049114671107
1931.8017019590686232
1931.6489576795841003
1931.4893637993875473
1931.3509512458699646
1931.1708016088223303
1931.0085868373409994
1930.8378170403543663
1930.6395299003040691
1930.5335468077596488
1930.3670593111339713
1930.201804252931197
1930.0281612591120393
1929.8830752894739362
1929.7162293148951449
1929.5420019232508366
1929.3311845815717334
1929.1644352762573362
1929.0139599857000121
1928.812545828224529
1928.6487808062076965
1928.4696352268588271
1928.2777405331505634
1928.0815536882178094
1927.9037346173729475
1927.7048092245820499
1927.5422723391889122
1927.3250218749490159
1927.1885665345728285
1927.0030240701742059
1926.7795101612357485
1926.601457249189707
1926.4134453722901981
1926.2170565947187697
1926.0506053480780793
1925.8487507440158879
1925.6618243487807831
1925.4583492178892357
1925.2545467164031834
1925.0630516717956198
1924.8627284450476509
1924.6715240447538235
1924.4803721210469121
1924.2794630389039412
1924.0446338233332426
1923.8335535784513013
1923.6384409482311639
1923.395704066973849
1923.1149503418521363
1922.9630791060105821
1922.7698723253508888
1922.5395028930433909
1922.3539402560015787
1922.1136669505492591
1921.9019071683130733
1921.6173137500875328
1921.3577501988700078
1921.1387025210624415
1920.8579569546197945
1920.6455297222089484
1920.4093540081416904
1920.1784089874849997
1919.9410934500626809
1919.6961318213707273
1919.4586499623919735
1919.239039571106332
1918.9581797823141187
1918.7395935847398505
1918.4833811397845693
1918.1838127611199525
1917.883413977037435
1917.65599485386997
1917.4143782391936384
1917.1197819761932806
1916.8765295590692403
1916.5917279791615329
1916.3767194944614403
1916.0793309542236784
1915.798157044582922
1915.5144900756938569
1915.2449051581138519
1914.9327632103399992
1914.6237597438012017
1914.3500679887013121
1914.1131053666902062
1913.8024058337407496
1913.5142932480439413
1913.2196479358703982
1912.8903563450467118
1912.5841131655317895
1912.290187205997654
1912.0028912895659232
1911.7325487336900096
1911.420947729144018
1911.1404591563361919
1910.84964679824634
1910.5337292764775157
1910.2223372606081284
1909.9567266522803948
1909.637154413195276
1909.33938557656802
1909.0568979211391252
1908.7402012308041321
1908.4407473827661761
1908.0838300622142469
1907.7648158062777384
1907.4518705561656589
1907.0609304093566152
1906.7670085368374657
1906.4190806782405616
1906.110851356170997
1905.7524268417398616
1905.4698861418060005
1905.1582564520128926
1904.8318489946193495
1904.4738663567666208
1904.1529522943410484
1903.8180693332578812
1903.4709205333322188
1903.0917998705288028
1902.7254156109818268
1902.3389482496093024
1902.0805927268102096
1901.8525050077587366
1901.4324141129061445
1901.1379609079849615
1900.7719323111216454
1900.4374606558708365
1900.0989611046843493
1899.7414616007122277
1899.373203529763714
1899.0095192533481168
1898.6677797793061018
1898.3154806521931732
1897.9505189061153487
1897.5554472448163779
1897.1954738238866867
1896.8059834963862613
1896.4184948339795937
1895.9888075175963422
1895.5893429913214732
1895.2314470728488232
1894.8844136801467357
1894.5070089633434236
1894.1161311380196821
1893.7139441245728904
1893.3255710036905839
1892.9534557468791718
1892.5705696723446181
1892.2389147104254334
1891.8191873824641789
1891.4663890597701084
1891.0558296801507367
1890.719856622773932
1890.314491513665871
1889.8959925889339502
1889.5183889500565328
1889.1120737696410288
1888.7308094716895539
1888.3044625940199239
1887.9600911771885876
1887.5020221325985403
1887.1145293181546094
1886.6910228988617746
1886.3074108041837462
1885.8345696443109318
1885.395002017708066
1885.0021544703529344
1884.546701253997071
1884.1480357122327405
1883.76319952879021
1883.2897452978256752
1882.8362792548473408
1882.4418936378665421
1881.9933664611885433
1881.5592886102931516
1881.121541841845783
1880.6704028723588635
1880.2288205577081044
1879.7632366306179392
1879.3245081980810482
1878.8595320113772686
1878.4384213115740749
1878.0165832420066181
1877.5394191210266399
1877.0784755227230107
1876.6181601021451115
1876.1682325865260736
1875.6953787433080834
1875.1807497075778883
1874.7227859997881296
1874.2243190122817396
1873.7856870773091487
1873.3024922600989157
1872.8096957373847999
1872.3436601707273894
1871.8815864706473349
1871.4289958516069419
1870.9848351284031196
1870.5231620572383235
1870.0253500805267777
1869.5093370837184921
1869.0409116923440251
1868.5802041981582988
1868.0698948077560999
1867.6097985959747803
1867.1579443794187227
1866.6689351684824487
1866.1571451617346611
1865.7197926785113395
1865.1607586658633409
1864.7001481393558606
1864.1738769799414968
1863.6632177527148997
1863.203576786038866
1862.7334067535978193
1862.2170391457930236
1861.706542041872126
1861.1986422830509582
1860.7018849090875392
1860.2659247401609264
1859.7740966033393306
1859.273000010339274
1858.7757961642546434
1858.2452649531483075
1857.7097004766749251
1857.159547853624872
1856.6165135127916983
1856.1170085013670814
1855.5962590346123307
1855.0854760772854206
1854.5814670667291466
1854.0513474938982199
1853.5465589292946333
1853.0109429274607464
1852.468089274886097
1851.9978136121003445
1851.4467212078029661
1850.8794339011235479
1850.3818005455552793
1849.8556493198534554
1849.2905049959397275
1848.7348266692622474
1848.1791483425847673
1847.622831073307907
1847.1015041199543703
1846.5523901536521407
1846.0302117872008694
1845.5019354728858616
1844.9408571787907931
1844.376487480709784
1843.7739833617326894
1843.1912330812872369
1842.6162682196234073
1842.0640934795064823
1841.4970876468803453
1840.9167938769078319
1840.392124384271483
1839.7985144626363763
1839.1932360207035799
1838.579489323028838
1838.0063293597411302
1837.4549911936865101
1836.9047609830006422
1836.3728144300296208
1835.7664238744901013
1835.1854302815411302
1834.6676909271502609
1834.093086250135002
1833.4849523589618912
1832.8756572067945854
1832.2743645063403619
1831.681757893338272
1831.0444882466338186
1830.4593102107146478
1829.8204312685725199
1829.2488325032550165
1828.6657212109528245
1828.0934850384899164
1827.5367748508922432
1826.905352085035247
1826.3042648896034734
1825.723653825731617
1825.141399332704168
1824.5569567614807056
1823.9398071278014868
1823.3135204570007772
1822.7251463650122787
1822.131505903346806
1821.5084598872522292
1820.8870945917535664
1820.2908354116791543
1819.6674020930979623
1819.0421901219981464
1818.3598625016395545
1817.7459270863375878
1817.1109638833597728
1816.4713419195957158
1815.7879110557339573
1815.1307427546398685
1814.4874208285984878
1813.8375826307596981
1813.1860844270154303
1812.5530508411598021
1811.8905408391037781
1811.2909879833832747
1810.6266285219555812
1809.994451196809905
1809.3196204449798188
1808.6161895785608067
1808.0056012328793713
1807.3235067672592322
1806.6452702175251943
1806.0400530626247928
1805.3850544628819534
1804.7457686490895412
1804.0886670618640437
1803.4101752605515685
1802.7405600189849793
1802.09052213363384
1801.4252397610468961
1800.7849675132486027
1800.142261066882611
1799.5101675902576517
1798.821209988361943
1798.139779019317757
1797.4582539142854785
1796.7998088823114813
1796.151097574954747
1795.4551530890273625
1794.795640009681847
1794.12005771153963
1793.3967726473458697
1792.6892749808450844
1792.0014271280920184
1791.2822989820413113
1790.5526237520216455
1789.8511835775943837
1789.147359831548556
1788.4703678881915039
1787.7494868416972622
1787.082406905632979
1786.4095883204329311
1785.6695236395721622
1784.9493556883487599
1784.2203911797671481
1783.5227931927049667
1782.7952996817587064
1782.0746003322660727
1781.356439006684468
1780.6424453982840532
1779.8957051551421955
1779.2211606583557568
1778.5206995405128509
1777.7824406786182863
1777.0753228174664855
1776.3660385038444929
1775.6446713617742716
1774.9051279723914831
1774.1765916338865736
1773.4353559827709432
1772.7329860823699619
1772.0371722155550742
1771.3235637860329916
1770.6574563581152688
1769.9177392155916095
1769.1866967170897169
1768.463302538453263
1767.6722140610102088
1766.9114665707979839
1766.085364986058039
1765.2875121251943256
1764.5457777493468257
1763.7938022414646184
1763.0425293158946261
1762.2715023740549896
1761.5461115811599484
1760.8282180033652367
1760.0679680449782154
1759.3587742206075291
1758.5888754286393123
1757.8026466648361748
1757.0560531064691077
1756.2881274539195147
1755.4971414757378625
1754.7193635897792774
1753.9566619565732708
1753.160630181786928
1752.3653544893950311
1751.6192238544972497
1750.8013868659820673
1749.9952297735285356
1749.2131369033393185
1748.4388940159224148
1747.66222392012196
1746.8944830319353514
1746.1162785951296428
1745.3469852974944843
1744.5606123592776839
1743.8053190002920019
1743.0052604755417178
1742.1885435050996875
1741.4056611255300595
1740.6323440804717393
1739.8598322614038807
1739.056808131102116
1738.2210598498468244
1737.4432680556844844
1736.6448452636550428
1735.8701578595896535
1735.0924819649351321
1734.2373814315249092
1733.4440323060518949
1732.6382547404616616
1731.8235506996272761
1730.9843967409872221
1730.1640638455501175
1729.3007717895186488
1728.4601364926181759
1727.6521231413805708
1726.8776811565626303
1726.0862898173036228
1725.2946188826558682
1724.7272622866987604
1723.7978501773779954
1722.9886079689845246
1722.1799286678365206
1721.3232369322704471
1720.4923425927393055
1719.6576606069938862
1718.8161702953132135
1718.0269075769474512
1717.1971389735786033
1716.3438482066258075
1715.5341649692470583
1714.691101621177495
1713.8780096168877662
1713.0716275936213151
1712.2660842763782512
1711.394457901756823
1710.4884624980488752
1709.6650416892484827
1708.7967889469346119
1707.9817463919898728
1707.1454244949156873
1706.2855137790152185
1705.4332777028964756
1704.584379330003685
1703.6888252914504847
1702.8115609734056761
1701.9299062647196479
1701.0631562210428456
1700.2208676332702453
1699.3355110776763013
1698.5163369604536001
1697.6700389001896383
1696.8185852015490127
1695.9320724646315739
1695.0725254692929411
1694.2031246772085069
1693.2909840572815483
1692.4239316276141381
1691.5347561053774825
1690.6194829516573463
1689.734373040606215
1688.8731936688320729
1687.9831654301715389
1687.1094125202273517
1686.2221060983335974
1685.3592213901429204
1684.4278175865499634
1683.4591542111768376
1682.5617002985452473
1681.6849806055947738
1680.7573615201256416
1679.8212032159167393
1678.893155704766059
1678.0017944881310541
1677.1228810895040624
1676.2399801797232612
1675.2909206625627121
1674.3255190172683342
1673.4078054514743599
1672.5061674309392856
1671.641144592005503
1670.7123533025469442
1669.7941837139744621
1668.8789791293520466
1667.9880833276160956
1667.0853981243433282
1666.1781193168565096
1665.2561165865529347
1664.274655659515247
1663.3132257773502261
1662.3874672053591439
1661.4522230436814425
1660.4710495554038516
1659.5455025342846511
1658.5903510604634903
1657.6502998577989274
1656.6828996544729762
1655.715349111117348
1654.7665331296657314
1653.8200070908428643
1652.8675801172153115
1651.9512928853384892
1650.9709361232587526
1650.0612740867031789
1649.1167182298763692
1648.142698448536521
1647.2023056205955527
1646.2269434548197751
1645.2939805886851445
1644.2623443078691707
1643.2871480989133488
1642.286794981817593
1641.3034673096540246
1640.3281906383413116
1639.3298307039030988
1638.3702442433414035
1637.4133477565412704
1636.4436813527297545
1635.4836404223174213
1634.4451428895495155
