4.5239237407549248715
11.079601138968445895
15.578400197792788617
20.524625385546546141
24.214355934085919131
28.488702865094477801
31.084645536992265846
39.506308524400630233
43.466663223752540546
48.081157794081690326
53.791685147582668947
58.194061173030405598
63.493414220379705171
67.976705033347599283
73.998269839228385081
77.734875235725752418
84.555362223984801062
87.524494867089998706
90.297327990680514631
94.823137620341668708
98.347389947405119415
100.45086007911005765
103.80010191470482539
104.72913954124358327
108.61282839106968368
114.74831311219107022
117.08836196070842561
121.31156983478385314
126.45046105261165792
131.4096067029084054
135.51790214721853545
137.35495685164403312
139.71716859648850573
142.11969826385322335
144.45116763760330514
148.1873333346664765
151.53993722018938684
155.29473091573467514
159.69376611740588601
163.67004582805665791
166.52278303218443511
168.75986026668886097
171.71679027828398034
176.27715510383933406
179.29919629613223719
182.72955612648337365
187.01354828559149723
189.46434919434571498
193.77323979178075319
197.85424065427957885
203.34935257628083605
209.80446100216127547
214.45031689578047462
216.71688363752556938
217.68668548486687087
221.12265646848067036
225.26611632543531982
227.3175261881051199
228.9903353794998111
232.06581747675960514
234.07252951802234975
235.71735151570354105
239.65027890829446733
240.89416661011779297
242.19705087557446177
245.10606005181429623
247.98767342779387945
251.36724624414262053
252.84332784500440994
256.62854070627071223
258.77300125092006056
259.98492976779431274
262.13451487122284789
265.4351327056438663
266.98676943012407037
268.256052519876107
270.67153066323231769
272.14484087104506216
273.81015445802336217
274.36138052020982059
277.26489709007535112
278.94071530891648081
280.2962315317418529
283.38099835909565627
285.1370144397274089
287.85552303689559039
290.46846700948202624
292.29225470455753566
295.81650703162097216
296.40805394200759793
302.14009185604516006
303.93044036972912636
305.25187323990633104
310.44936524596192839
311.30830934894646589
312.33405360687544317
313.81589134673782837
315.07864634034876872
316.95394337816827601
318.84371948238424466
321.8759696544060489
324.60607688084667188
325.93208762815220325
327.18353322156747254
327.59608671360615517
330.37507912305488844
330.63602990221488653
331.96996014549790743
334.87530458139713119
335.14077270729899283
336.07010597308300248
336.59906376202968659
337.96492097908031838
338.4056385489772083
339.39494038582171243
337.8155370442198091
338.07758639207565921
338.36613185115658098
338.6561884940782079
340.13729729419105752
342.22040029609439671
343.49453664307327472
346.04537774058013611
345.99812895250357769
344.17751316708285003
345.82669173038482313
347.44122629775949918
348.18705905203376005
348.93380846322907018
350.80650516426021568
351.1157871814289706
351.58568681192258509
352.47011978948535216
352.7206215605866646
352.34842350164495883
352.71966941216885516
354.36552400927001827
356.91845239444728577
357.83711733472108563
359.79764456946401197
359.72469223204768696
362.1525892027529494
362.50779747911457207
363.80023808169528365
364.48279887465224647
366.00233389655988958
366.7850722894626756
367.33112798929897735
367.64364698489771399
367.37219227177695302
367.30965189523902836
367.61999906881061406
368.79445776381703581
369.38892727195866428
370.51395436747117174
369.39787906438738219
369.70941450313193855
370.57511368568293619
370.99163277833110897
371.48054437994079535
371.87385745663135594
371.84449534730845244
372.32560555561155979
374.3512170101549259
375.08028173799755223
375.55225206407141059
375.00580883482621175
376.09023139997759699
377.5977286283613239
377.30178747290551655
376.88794029577962874
377.42346183498295886
378.72706044359028965
379.42801781705037456
378.9655476693357059
377.85666900881585661
379.17065864156882071
380.11110593623823206
381.68466226352342119
382.81331402155694832
383.75584192895962587
384.21173732728789219
384.47850824956634597
385.74149597915794629
386.54231663501940375
385.24335604543500722
385.15978744446260862
385.16130744475526626
384.53372979030905299
384.46438201188476569
384.5870556217581111
384.90428958383381541
385.76347291219883573
385.05646355786478807
384.43086843480534753
384.10854658617239465
384.49683250026197356
385.20221473146574453
385.52876595272056193
385.45941817429627463
386.17158603181405852
385.97665108041326221
385.74822296578503256
385.34092418765698085
385.27702245166727835
385.75406807721088853
385.95615301431973876
385.84134708127032809
385.78997578680474589
385.95462675431576827
386.21106283271672055
386.39715804116934805
387.51711105018591752
387.87198913571438652
387.70894893048313179
388.99041952403155165
387.85553062081100961
387.42826724023103679
386.6929546479695432
385.84794145844131208
385.92481929971052068
387.5151313370212165
387.84957420191386746
388.78004110300076945
388.66250598220460688
388.81061614260028136
389.15205501562377322
387.85931857497087094
389.24130600152108173
389.35378443580896146
390.09577049524511949
390.19681638304763283
390.93797883428607065
390.73658083961731791
390.68284791508557419
390.82243411940720534
391.49684444331074928
391.24166876116919411
391.62497384086651664
391.11581187144423666
391.62621085129143239
391.83375262040840425
392.79609228335499438
393.23475358693872295
393.6956634553097274
394.18084214936897069
393.63220216269866114
393.50547282512604852
393.89338501232964518
394.8168126725406637
394.39151599914009694
393.96010731072834687
394.17638645384982965
394.72209771668985923
395.37689187224162879
395.36609176726381065
395.29225824426640656
396.21367160429207388
396.19911134706501343
395.01045872586212226
396.08058011500258999
395.11934014039587737
396.68966559890327517
396.73247213426179769
397.09110727494493176
398.0549974173079022
398.20982597197712494
398.12128818040554279
399.11367953087886917
398.71004742056777559
397.52055651908119671
398.90516423366585741
399.28345172351487236
399.21854895023329846
400.5857032574947425
400.6625810987639511
399.93852305162999983
400.07127767861385337
400.72207449076631747
400.22976643658842022
399.9990281457029937
399.95990315553689243
399.0795277900768383
398.46435447528830309
398.70701829106860714
399.2347760792349618
398.39294843179379768
399.22794315102430573
398.42810434087391513
398.65786985160264067
398.76834206591291832
399.89802293604628858
399.58021474023172459
400.40216420215745075
399.84994633456051361
400.84416306224892423
400.65330580989029841
400.68054749445775542
400.99470608499302671
399.90917108977890848
399.8237191299356823
399.21078423610822483
400.23678589468374867
399.75855516670321776
398.89712198538444454
398.85223444994574038
398.69024112690709671
399.09474799344008034
398.42592302530869119
398.63560794374438956
399.63576776380142519
399.76683507187175337
400.02270191403255239
399.5258467455651612
398.94283549639385456
399.01666901939125864
398.57162609699946643
398.72122447092112907
398.4934041963062441
398.18104913725051119
397.42484060359464593
398.65782221550620079
398.91751186807283602
398.79327230637051116
399.02113310234801702
398.12074135583793577
397.91214829009811638
398.82831302537402962
399.05098858884736046
398.92437973327054124
399.4753471071153399
399.4525461193423439
399.56073151352785544
398.91175404749736799
399.3802596854282001
398.84924388548080287
398.34660192736095041
397.98313260078009534
398.41906761123061642
398.40130714439050053
398.71030241844380271
397.95432385660598129
398.39928275269164715
398.73331434174139076
398.22726454096664384
398.08679401583015078
398.40017374667900185
398.78455760656714801
399.36917859000817543
398.7770211908142528
398.63108272439058055
398.84283037160452068
399.0136847827945985
398.75635410677477921
399.55427703450311583
399.38354350055988107
399.40730461843901367
399.22625165532627989
398.98415610460142489
398.65575619230202165
399.54793695334950598
399.05218715249907291
399.31728890731778847
399.75511118101115926
399.57704214180688496
398.61360224947310371
399.46213851190856303
398.99447750034920546
399.55801217211546827
399.85988384937996898
399.85980384937994359
399.39619477036376338
399.61413331547146299
399.73652587302370875
400.34095952660760531
401.45219838075917096
401.97122444768638161
402.08988347819001774
402.97838091996896992
402.25004497951800886
402.88830486727079006
402.82023860009417149
402.62284009937485507
401.89354758743905904
402.04869806769909246
401.32904779537869899
400.57334517452642331
400.43580877766697768
400.62569730566502813
400.00749315753057544
399.44819557007593858
399.10498581298492127
398.24259462415517419
397.58455446533776012
397.62928192045444575
398.31431005765813325
398.07972010726268763
398.01521775277069537
396.79438537090470618
397.49818653624839726
397.79690825238327534
397.19798467107113993
397.35438268893551594
396.95462267298682946
396.40257731230479976
395.59097895467044737
395.41472407642953613
394.51632695131820583
393.24148783120551798
393.52558331887399845
393.37678940512512327
393.5545359055490735
393.5634559646941284
393.45908131242737227
393.25970346286032964
392.62011688494953887
392.77285311768412157
392.89560702910893042
393.41228227700162279
393.950037194726292
393.85556699817169601
394.8736037184506813
394.53245307863051039
394.7583690586743046
394.29239680878777108
394.22232815533914163
393.36534482748049868
393.62780109250007854
393.71237146145381303
393.94943549443451047
394.47149833167947008
394.06828271838378441
393.80073815432746187
393.49096454817612312
392.67306636820347876
392.69398713121711353
391.9513145477013154
391.44769312839883924
391.11514190090724696
391.24584766495854637
390.90181405940330706
390.59105716381446882
390.62446026930945209
390.05529735312370576
388.79254235951276542
389.05109310650482257
388.66384525661430871
388.57823300396290733
387.94902437308348908
387.63994717371224397
386.49972733156494087
386.2267242827708742
386.56738084117296239
387.0695544448290093
387.06987444483172567
386.34840734775008286
386.16961256248652035
386.46318296082830557
386.276563224507413
386.97824257243144075
387.39221496299444425
387.28394933432497282
387.33399977993531138
387.36444213072115872
387.94401883421801358
388.62505536025912534
389.8466269399406201
390.31509034265707214
391.05767137995985649
390.85126164866323961
390.43649616531473612
390.99687417536085832
390.15528409302669388
390.6794012917711143
390.84530074654276177
390.65993176532242614
390.86747353443939801
390.00129456250863313
390.4723350658833283
390.88998181210411076
391.33380650416989965
390.41563201164149177
390.73229179184244231
390.88836785292960485
390.53266425438050646
390.72509587447171953
391.18900028017452541
390.80855705088458762
390.4405802991743144
390.14243114478153984
389.97637058550310485
390.09747839375518197
390.81949076083799355
390.46989313842942693
390.67015980164433131
389.79489505572348662
389.34350365906107072
389.34866367051012048
389.17929999195320079
388.86378842031604108
388.84190754736096096
388.76034235713825638
388.38180617254243998
387.90755270395095522
387.54404204150858959
387.67764039856831459
387.10808751051922627
387.46242907676531786
387.49903316324446223
387.3560299602889927
387.34434982750178733
387.00719183738209495
386.78605506298578121
386.99028194996242291
387.37491479048441079
387.17699119411827269
388.05548498328693086
388.15741313896455722
388.01243975930049146
387.8608300229697079
389.07219286835271532
389.41239655496440264
391.2561329050021186
391.30542288175223575
391.63456242605838042
391.52978667919603595
391.98875750907058091
392.22257698988022412
391.84383355082519529
391.47593953732666705
391.08453818821823234
391.32728318790157118
391.08713567979901882
391.55500783258077035
391.46270234915573383
390.84708995317254221
391.03092594783305458
391.61350225985069073
390.98843561062352592
390.96703479387207381
390.98619538004965079
391.31356817330100739
390.87184311817401294
390.2284503379914895
390.64254794519132474
390.7563104786893291
391.08672404297738012
391.7498400123514557
391.89847303984083737
392.35175809175655104
392.51310722365911943
392.35711165050429372
391.62239250992683992
391.59014971692272411
390.54043558961620874
389.61951325723873651
389.66388053372281775
389.16902331313553987
388.92286786724463354
388.28341398283453145
388.50811466915553183
388.67804238654133542
388.26390303975131246
387.94769436613393054
387.55857785192273468
387.84655159711974193
387.75232193507633838
387.34035257628988802
387.62624404397803346
389.21357318473178566
389.45388301234970641
390.59633749550897619
390.62489943704969164
390.79950166498321096
391.53025242466168265
391.25529311823214584
390.80739237951905807
390.66865024877745327
390.65112980060922609
390.19856022331356371
390.28152778364437836
389.85531062500405142
390.08086199952776951
389.48364212532101192
389.8320440654694039
389.09810079027135998
389.58590914079553613
389.20073680181826603
389.43905843179788917
389.5429116736255537
389.29375060712118284
389.07172298673509658
390.05617146824761221
389.41273440343394441
389.63107772598942802
390.04500837838457983
390.09946182974567819
390.77718346300014218
391.27693100159297046
391.2212366096820233
390.85859393588202693
390.40265642270048829
390.17122901346232311
390.03525992156767188
390.22704561855277916
389.91530528447225379
390.06076119906373378
390.21172726631425576
390.48069716851074418
390.42640383543749749
390.99110673222099877
391.52632772403211447
391.28070017796937918
391.20930987290688563
391.51232735839585075
392.2184326445986926
391.29451342610070697
391.62480368653388041
391.58487838386895419
391.18798930061348074
391.54782226976885795
391.56654281648150118
391.39399599268017482
391.31932131126723107
390.37654558524627646
390.0495835916649412
389.88465071890129821
389.1672245060680666
389.31062976327700653
388.78557062091260832
388.97945571453374214
388.84943284370837091
388.83723269238430476
389.53034987309422377
388.9820976432210955
388.98029764273508135
388.72577240876643145
389.02016021670493728
388.10218187435918935
388.75844298774035224
388.58871671588434538
388.72524841078956115
387.71545355636669683
388.27699878098269437
387.84353702547218745
387.90459598838907596
388.30822809870016954
388.97009661620683119
389.42881459059708504
389.71662499755876752
389.16708008845779432
388.2351830249904765
388.61081848847834408
388.78304292904141448
388.05042270108702951
387.82474979304987528
387.51681945461865553
386.87860378050845611
386.20633942819188178
385.77861563700798797
385.58355954129052634
385.04163500606296111
384.24385221020315839
384.37387508102852962
384.1270292530845154
383.95210457554395589
384.10584669035728211
384.03245376371063458
384.66395594866389729
384.40642194073336668
385.50274220915576961
385.11839984489546396
384.70776538778494569
384.95392083367585201
385.12360681683827579
385.03514918200590955
384.99442355405761873
385.73691304812348335
385.40041338286812334
384.21689404466764017
383.77953317274551637
384.04259985403336941
384.21764545251426171
384.43101124010149761
384.45501239220101297
384.15363171536290565
384.1489917070380784
383.77671084470472351
383.95538466903559538
384.20259601704719898
383.61836665831685877
383.40928834004512282
383.96042817078574672
383.71411028731580473
384.97094070896685025
385.29186708302268016
384.71216001459026756
385.23071580566704597
384.75138433026035045
385.05350152127783758
385.18135540189206267
384.58356771896518467
385.069552100253361
384.680310984596872
384.54088556001357802
385.14195089393416538
385.21446264919757141
384.89148399904780717
385.2581784482480316
385.38964748192870502
385.18679472937645869
385.19639480310547697
385.04916944871632722
384.48775393300491032
384.76744302886612559
384.54383596560819569
384.4198774833303105
383.75716253488099028
383.9545610356003067
384.38710089486124843
384.23351972638391771
384.20291733833050785
384.46858901137539988
384.48050915251758397
384.7706066428031022
384.76208659126336897
384.45902818040525517
384.97544705989753311
385.19136198382381053
385.16211990026118883
384.79670745549589128
384.93432423149914712
385.17853067783227061
385.14240675005385128
384.86520525524122149
385.22623630831640185
384.96695342692953545
384.32378206075429716
383.974349374726728
383.56296407989384534
384.02104997860374169
384.62797920811539143
384.48095493796557776
384.0707375635914218
384.05301709989862502
383.52684445773371635
383.56981106667393533
383.69128020053125283
383.40510296659334699
382.98528370476026339
382.5927187797087754
382.1013874899684879
381.72943783363439252
382.03388785714554388
381.44399744829848942
381.96383594215615176
381.84104187980739198
381.68854704727772287
381.58060235445788066
382.42233497316317425
382.70292144722253624
383.26541801122561992
383.48728365309750643
382.82019925528578597
382.87073000445968773
382.92114067719853665
383.22591818145116349
383.20735764863781014
383.33938911597738297
383.8553380298482125
383.88173956332053649
384.25058514151112377
384.30960226536990376
384.85161282038353647
384.80572476982268881
384.75931644235453177
384.95728043181912881
384.78690952215430343
384.64028741158608682
384.79229945700245707
384.59170956929466456
385.37751515633186727
385.78977657307513027
385.69105647678014748
385.49192101729840942
384.88591142350696828
384.82192960571836693
383.91256560499454054
384.01982832755305708
384.76131104228142021
384.52931608273848951
383.94895711770942626
383.97763908382836462
383.96783900539458045
383.84556689735853752
383.94938003127595039
383.70862380873813891
382.74783355093796899
382.72827292727458826
382.38329175301845453
382.34580736458997308
382.65312339591918089
382.44570292289427016
382.16829755852040762
382.50895411692249581
383.24244109950973325
382.67384140162556605
382.03902837004528692
382.06338957477402118
381.86671808480195978
382.16785327495085767
382.05248548555221078
381.63559053741965954
381.88983121716000824
381.37157466332894273
381.44556840495494043
381.41872679351837405
381.25894773783761593
381.10902756633220179
381.75800503236268924
381.73892445349730451
382.30328117042853364
382.70970470379245398
382.98384883954452107
382.6861904137472834
381.86254316898146044
381.91731685901390847
381.55517011803937066
381.04216790138104898
381.48137465588291661
381.82326649518415707
381.93614620047458175
381.83810775085544265
381.95937614728921972
381.899197993048233
381.98416908104138656
382.30013170997347061
382.06391949147945297
382.31559964240955196
382.37005309377065032
382.0593371715473836
382.06149717238719177
381.42840620020893994
381.28560402005143715
381.16879137344136552
381.31227704288852465
381.97757725219861413
381.93601126866258255
381.73489611887191586
382.01299468262891423
381.56185571314210847
381.64510375723523339
382.01866823367663528
381.78821368154461879
382.3107472146768373
382.13840188144649801
382.66114938596490447
382.62298475428298161
382.74433344539312429
382.98927071228007435
382.68441133530876641
382.63139892366200456
382.63139892366200456
382.88771301939317482
382.58698695371799658
382.7237999582134762
382.22868773442218071
381.85582721300124831
381.27320740968059454
381.33570774711785134
380.89352085421938909
380.66586266319308152
380.59951833897076767
380.67795853356136604
381.25545004878784994
381.1939506726748732
381.18863066012744412
381.99085458909354429
381.76757153669797162
382.2870679356213941
381.97889185821350111
381.90105257996623322
382.45840620783178565
382.46444622619429765
382.9281396822364627
382.90965915628351013
383.13168677666959638
383.32678325414298115
382.87240372617316098
383.0082924479651183
382.96700658457422151
383.06448369520217057
383.24561731600493886
383.22013593733811376
383.47563686369221614
383.34187779076734159
383.52514905529505995
383.67028327806013976
384.12912767839048911
383.787812335602041
383.26309574451857998
383.48994356222044644
383.46766264050546624
383.11497158664553808
382.85312568928026167
381.80616937392443333
382.25667733728596431
382.30312568631387649
382.19642456760624327
381.74435996264173809
381.37282428544824597
381.55012731010197058
381.42657036137842397
380.90202503464814754
380.26004904089882075
379.08968949051364916
378.91291055117301312
378.40460147019672377
377.70093578544555157
377.92037209620451677
377.71760016913287927
377.47757439860055229
377.33203805987920987
376.11614498190249378
375.27227334688620886
374.95778678716652621
374.77104600232024723
374.80716993009866655
374.65604294850953693
374.78128640539063099
374.78408640721994516
374.73907881116252838
374.22146340359739725
374.04105568088408518
374.16971285591728247
374.30025793647740784
374.13866723682070869
374.18503554276622936
375.03982082403371123
374.74199882599390321
373.97237275422770608
374.21597023300790852
374.19956986541438937
374.42350095122395714
374.73757755208225717
374.49389888022761852
374.13435506543532938
373.65908647754702088
372.95365906059583949
372.28166284974884093
372.24681932496673653
372.2762614515805808
371.91923678256102903
371.73975652734401365
371.36983506843455416
371.22269014809745613
370.86244407545916602
370.38852892664425553
370.56095485568397407
370.38752143180556686
369.68313311216621742
369.31738985601822378
368.99334375601711145
369.2010068227475017
368.77077091339333492
368.51360289909297308
368.33734802085206184
368.99837033615824566
368.63965259479653014
368.55023306027675289
368.05537583968947501
368.44956189735137286
368.80931224945629765
369.43433486301466928
369.78413866251980835
369.80329924869738534
370.25309217838776021
370.28641526161874253
370.2708949500817539
370.41816052167519047
370.5337289784594077
369.90337377118754603
369.48606117180145247
369.29766592000146375
369.33871168170026067
369.10712211902250601
369.21871778890016458
369.39344093437443917
368.79285651842747029
369.00169220737092246
368.92922050468104089
369.00705978292830878
368.54867892676736574
369.09180791728454096
369.25855319472992733
369.09917669096580539
369.29269839712338808
369.29561839919813337
369.09292729694709578
369.1926498565007364
369.04952603848221315
369.35459010168693794
369.86947111907420549
370.07709375309769939
369.8863575961576089
370.06628141315633229
370.04027994834115134
370.14738221093602988
369.71127947474525399
369.2659844641593736
368.95080091419606561
369.05236813733529289
368.95048008560019071
368.91643679812182199
368.19156007240940198
367.95392811556104107
367.5884743204546794
366.70176802602503585
366.06615989061384653
365.7517143279592915
365.51890851771241842
364.91828038473698825
363.42600199609711353
363.31412545136231529
362.88815935177689198
362.82830148579603247
362.52561139419708525
362.50541070728769455
362.18083081375817756
361.85037614763211877
362.29815076835353693
361.8398963249277358
361.62891719752178687
361.22499351874853346
361.38581926995584581
361.58887408909924943
361.78021573709276026
361.90505762836716031
362.45447324940300859
362.3229238693301113
362.37505567278077478
363.0691179929633563
363.71251077314587974
363.83634879431099307
364.20378776989457492
364.63917771336366513
364.75418430731241415
364.96548701442713991
364.89838184396535326
365.1267694346200301
365.02050956428354311
365.15499187997772879
364.60286026683985483
363.90045876868629193
363.04275826443364394
363.20696625116016776
363.78815112415378508
363.66242577522933743
363.37808540805588109
363.14937362038199353
362.89155493888040382
363.02860907018333592
363.36798944202467965
362.99645376483118753
362.49887569518296004
362.59539054604874764
362.15047366253668315
362.07639981124054884
362.39449514340537917
362.57554810651811295
362.89676175879372977
362.62404395411283531
362.55073113512730743
362.96382709876303352
362.69758546459479476
362.59361189853564156
362.63257682771359214
362.68634978114607748
362.78494958519053171
362.61542475542887587
362.4203282779554911
362.89327090563648426
363.00073420508977051
363.22292380689094671
363.41236836593679982
363.00856964714944297
362.75213356874849069
362.51811133949189525
362.75720384738900748
363.23479965812799719
363.20975834966156981
363.16214935909113137
363.03068032541045795
362.96669850762185661
362.63821641838831056
362.68682598771687253
362.83067351797052424
363.09878818478438234
363.4286674503328527
363.66686736919467648
363.28053284534667
363.35044130277935892
363.33556102821637523
363.62553597713105091
363.53194772715306726
363.11116723370020054
362.90588940844884291
363.07501136431153554
363.30765499833080412
363.51046733806020939
363.86200331622512749
364.21081753270834724
364.50160946498061776
363.95856651972877671
364.07911228161378858
363.71039082991262603
363.26711213587657312
362.83188989251192424
362.85369075592615218
362.63069120346017371
362.30779465727425759
362.7973004379874169
363.07225974441695371
362.75301573668207311
362.56696087546879426
362.58036107598286435
363.00390095182871164
363.37419488028251635
363.36847486468667512
363.3795549780430747
362.71255981396126344
362.86336496882398706
363.18741106882509939
362.48843822090771027
362.29447237278469629
362.42421406109014015
362.18435060456482688
362.5549342491109428
362.709642083748804
363.40401951666564173
363.35837159180954359
363.94952610167484863
363.90611928754083237
363.65334186809695893
363.66790212532401938
364.03079278207661673
363.69877604078766353
363.27481793831532286
363.37117241690691571
363.72204845606944446
364.52623822860010705
365.36497927693727661
365.36793927909849344
365.66142794184048626
365.88037846398577813
365.88717849018860306
366.05340015612398474
366.0622002129139787
366.2470850697357605
366.15810641101086276
366.1446262068839701
366.19311570548688906
366.25901954856874454
366.57883797236820556
366.72417325164519752
367.24084849953788989
366.86620720893552061
366.70135488119649381
366.2193550265048998
366.49353991863887359
367.05482573004803726
366.77966261677369175
367.29356142305954336
366.97677860824643403
366.8586414022304325
366.34239342578098331
366.41286257320604136
366.47436194931901809
366.95233869905808888
366.77148737760160202
366.6487736170018934
366.94496007021291462
367.27159344374734928
367.12597668042627674
366.24352505689068948
366.58064189958736279
366.39321514730261242
366.36921399520309706
366.04701528917718178
365.61711440600555534
365.34195129273120983
365.03504476750185859
365.0630465970503451
364.47158689060358938
364.05824053525088857
363.92717322718056039
363.65681845070071176
363.78708233919945769
363.73202843802675943
364.02045138305027194
363.82418376554062434
364.13088554729671387
364.24834039167365063
364.39476142689136395
364.66523841051440513
364.71340772222180249
365.2226123408231615
365.38750494100776223
364.99597893557506723
364.82294852013995978
364.48356814829861605
364.54338597846310677
364.85225836646844755
364.36763084309757232
364.77576333075472803
364.51281873661537247
364.0424965956616461
364.062377250438999
364.1009420293253811
363.93016820310481307
363.57962210507480449
363.33387273899995762
363.25362971001038659
362.8469977989761901
363.37248517280011129
362.70847786153075276
362.85132024601728062
362.74682526625406354
362.43815768318762593
362.63587931647487039
363.28361489855529953
363.49321893475070056
363.96054214164678342
362.72801830167946946
362.33753100726835328
362.36201222988989912
362.86763589332656466
362.66482355359715939
362.15301647602740331
361.71267665632353783
361.59570346253252637
361.51958673366334551
361.46277145539960429
361.56654448149026848
361.07992392205488841
361.36601950730909039
361.16328799273026107
360.90294746182070185
360.9928479616594359
360.62656709478920902
360.83617113098461004
360.48888219063860561
360.39521376520718832
360.68175842995071889
360.51960405389263542
360.14413429861525628
360.22417700628881221
359.89820082042524518
359.87728005741161041
360.3133827936023863
360.75456210021008019
360.68309169305831574
360.89941130586089457
360.47252459168674932
360.18263133581814373
359.89257469289651681
359.43815306435413959
359.84686923191918595
360.1985289570787927
359.61564819468350152
359.82565664891700408
359.85293834091692133
359.79596293313500155
359.99857321122527765
360.08025860143965247
359.74470515167308804
359.25490224963959918
359.13523966508819285
358.99328174927603641
358.81726873724255711
358.8225887497899862
359.1026449413706132
358.93021901233089466
359.50810140718414232
359.44343888579840041
358.87661491707899586
358.5146748017768914
358.50903478682630521
358.53747670399457093
357.80777413501039064
357.86342849591693493
356.73732011353740745
357.09203311082944765
357.31734142330145687
357.69695541892633628
357.41420661750515819
358.1311337856872683
357.84777288579948618
358.67024099556385863
358.60185435585412961
359.01758007101108205
358.33815664463037365
358.20893713885374154
357.46626455533794342
357.34467497785345813
357.10927393195078139
357.04236898605705619
357.22443021259675788
357.72111530516212952
357.06996337736558189
356.74185107568337116
356.57043255419591787
356.10509342158059098
356.21091205388040635
355.56215638828683723
355.60696388349276731
355.39663188250995063
355.50088620803518324
355.58713964293190202
355.80734517176455256
355.44379317315355138
355.09419555074498476
355.22654841810373227
355.32623087816909901
354.79868733675579051
355.13148526605840516
354.80932760702989981
354.43485199410457653
354.14581645727798787
354.43542379504833661
354.27536294534121453
354.34607239186163952
354.30682735562561447
353.54693666992960743
353.76884280615820444
354.2719957580125083
354.86114535510972701
355.22511073231112277
355.15167775174563758
355.19344382209726518
355.54976663411645177
355.56268681384506181
354.83216395439990265
354.47868896657632831
354.61433658068835939
354.99337018949262301
355.21033734121459702
354.84955418857549603
354.38906592262947015
354.31114652301704382
354.35267248928988693
353.89079278249585059
353.50968607321692616
353.83660698833580227
353.73002621112038923
353.32668565234479274
352.98170447808865902
352.94446017343585709
353.09349542017878321
353.76982944852994706
353.65269570605221361
353.76657862863845594
353.79498053772812227
353.39796666496022226
353.6364505791633519
353.82246509328831507
353.62223883240159239
353.32118546914750823
353.51482830304314575
353.11698242216181143
353.08373936108813496
352.95186859120366307
352.75604521497581345
352.44704994092251127
352.20089449503160495
352.36015023573497729
352.39031252223929869
352.80620525350974503
353.16083570847757755
353.07221775988261925
353.3220288370841331
352.90830687019672496
353.14496526657370623
353.29114501527055836
353.45599734300958517
353.25427608721935258
352.53943490630814495
353.03450462847001745
352.49928363665890174
352.46940141325325158
351.92532579519837554
352.08232750383729126
352.36532113832470259
352.58787520892735756
352.75582890779060108
352.84965768503167283
352.4394820169952709
352.2132419306032034
352.55496905087755977
352.2752799550163445
352.28996021865611965
352.35722556974030795
352.84320995102848428
352.91115607940633936
352.98623132170854433
352.83482273532644058
352.80718097544809098
352.74383980632973135
352.76568067450563149
352.35358615014564521
352.07732238166056504
352.32140703088202827
352.75679697435111848
353.01181003942127745
353.08528307396449009
353.06312216706322715
352.93799918092156531
353.67121242303295503
353.41290570551694827
353.1931860061602606
353.01846286068598602
352.63333202355482854
352.1941252690529609
352.10161935838323188
352.14082437923121915
351.99106510748515575
352.06305618381566092
352.37115034720591211
352.64089411804928886
352.72919144025502192
352.11384249989049522
351.68532334880546841
351.79447157983361194
351.67364479714768777
351.89421471507068873
352.49619835261273693
352.79741537065706325
352.89625575991630058
352.9067758569389639
353.20729736974658408
353.10729411153010915
352.92349845570458911
352.88609409532102745
352.95043628374634181
353.21305532167912133
352.94982585449412227
353.40888097273426638
353.00054003584386919
352.85323424692728622
352.69824473046458024
352.45801606299801279
352.75056483623052372
352.78700886934336722
352.68740660801432796
353.26042777063679523
353.00443895275554951
353.27442711984150492
353.18083886986352127
353.12382342958801473
353.13798366619175795
352.64295644522104567
352.13545744065055487
352.35805200869498321
352.51392685089678025
353.24280936450946911
353.40899075357890524
353.47533507780121909
353.29617740190866471
352.83889200331714164
352.8791774507621426
352.58413564484760627
352.43325003403469964
352.61789283676228024
352.28501267129297503
352.15173574079716445
352.05097056633491093
352.47739695096277046
352.41425598188283175
352.81126985465073176
352.56694160940355687
352.43181638176918113
352.65809698228645175
352.69918276085161324
352.88584284652944234
352.69857750229760995
352.50291566357634565
351.60758018329181596
351.74174105343064411
352.0249795294102455
352.31691540036564447
352.63353416955749253
352.19806037377600205
352.46165612191208538
352.39823487242324518
352.47579372785725127
351.95377367834254301
351.86014534067544446
351.49146526384657818
351.47706501500681497
351.62525561517668393
351.80062367574151949
351.33714115922435894
350.46841773366782036
350.65979974897368265
350.44938685959033364
350.44714685865369574
350.47590884127282607
351.07776127750338446
350.7983984732297813
351.37042216407490969
351.07611610148580894
351.05215495513749602
351.29481877091780007
351.21117003005571178
351.20621001988700982
350.68675638073949585
350.82815148173182251
350.88520695454661791
350.85412445233106382
351.02703396796783863
351.25404385439281896
351.08407584748840691
351.2736818476335543
350.79917462172431897
350.15653458699040357
349.94349244967406776
349.77086502866620776
349.23912008645163496
348.83590447315594929
348.36308867986184623
348.45924269485146851
347.86302717633907378
347.82834369990195
347.7675649968431344
347.66339088872666707
347.32487487479664878
346.85121344834118418
347.4421499770296009
347.16723143128797346
347.2093176422849865
347.60849501902873726
347.45881619643660088
347.53621481163219187
347.46334258058703881
346.87671927799505056
346.58143220669586526
346.72648600767627158
347.29439263434619534
347.47121188708109685
347.6949404574251048
347.86088018812199607
347.91837602189224299
348.13392674088856893
347.96927577337754656
348.31928575733951448
348.22168836107971401
347.67003111166985718
347.70299409602938567
347.79169220193227829
347.61487294919737678
347.0781919343038453
347.2761155306699834
346.97731201603488671
347.20448397415168529
347.25677588667031159
346.71829054204363274
346.5889907016402276
346.3499387680258792
347.04494652590136639
347.06654736576814457
347.06190735744331732
346.93284851967138138
347.08486056508775164
347.0247624832004476
346.92828772551939664
347.57779757555340439
348.0020902856306293
347.32951307215131465
347.24626502805818973
347.87216846659691782
347.61813103360822197
347.33264778331084699
346.99079712419688803
347.07961546659572605
347.37882798862216305
347.04055891107623211
346.38572031225942283
345.98371234533436791
345.71685999082052376
345.67917553175414014
346.3147394896317337
346.22700325270346866
346.07559466632136491
346.09883571239515732
346.39314177498425806
346.37178096280439377
346.59210795304812791
346.63907658574936477
346.46185419118432947
346.62984817286371708
346.42081029323901475
346.53192447358583195
346.55140508962784907
346.63970241183358212
346.66858441937569069
346.15131091392777307
345.99438969903934549
346.34827732685283763
345.86305623205521442
345.91218611192101662
345.59183425492824426
345.53690044450814867
345.10360631997730252
344.67738916133697558
344.41574670907397149
345.04636656785061177
344.84953352441863217
344.8454135185907603
344.77238107456935268
344.25621854687517498
344.70222788297019179
344.79112638338932584
344.3199590977914113
344.36404623732948949
344.13107824780723831
343.73909514347832328
344.17188641102421798
343.80742493890636524
344.31624573121177946
344.32184574584653092
344.15018545447912857
344.49191257475348493
344.99004353714968829
344.90899920676378088
344.70646975217476893
344.59692032423674846
344.70919812641756153
344.09270739535810435
343.18011673170445874
342.61649553760867093
342.22742055654964588
341.67412433903484725
341.26228014263989508
340.27054758026122272
340.24282580505632723
339.84901390023571821
339.13480728875185832
338.56651082588007284
338.62092424760385256
338.08415733161331218
337.75029024506176256
337.35839025262924906
337.74094861359691322
338.01945497270088481
337.21250116311688316
337.0470044602195685
336.67348139542832541
336.81005327708737696
336.87539651704628341
337.11891280355098388
336.6448284981771053
337.14495900372543247
337.29946564081063798
336.95588516620057362
337.03712982598881354
336.84913812633385533
336.24050034061616543
335.77908449619246767
335.91159806611955219
335.66056807722833355
335.8048176860729086
335.66109077713156239
335.24594957337609458
334.70845241992816455
334.49358960474449987
334.36585621473386709
334.01786652160910762
333.57702302810554329
333.05204952638416671
333.45301665099793809
333.25525462541662591
333.14044869236721524
332.85084135459686649
332.68413635576871457
332.31218669943461919
332.82664063868230642
331.74528732471486592
331.46775963585491809
331.07249253908179298
330.88978597554546468
330.54084807044040417
330.30783953562280431
330.902439963978793
331.21250034751562907
331.63796436865544592
332.0692473882061222
332.19172024592842263
332.37277320904115641
332.25800740789441079
331.98043894374734464
331.73749098082305409
331.37914493298416119
331.55729460832634459
331.13070083628832663
330.81346687421262232
330.52520727792193611
330.06383360038523733
330.25719380509343637
330.71212067140197632
330.4821119757989436
330.26619705187266618
330.44837927621551898
330.47462078197327173
330.11941250561164907
330.38878969710208366
330.64628303822706812
330.60979899181648989
330.79472419151215945
330.15412011570373352
330.39568802656486923
329.81024013661414074
329.11536745954595062
328.72504633958209297
328.0530501287350944
327.95184383152434293
327.30495068151782334
326.81468083171472472
326.39849580848391497
325.82013561351709541
325.59357140894400118
325.65671237802393989
324.43906083830808029
324.41926019140402104
324.16806766695640363
324.5918584743961901
324.69876016397330432
324.68491994305105663
324.67035968582399619
324.82309591855857889
324.49136695806419084
325.02980933252109708
324.6878351319839453
324.16611458349979102
324.01458530751557419
323.87017486397724042
323.59497098865256248
323.38751008376590335
323.01783692378990054
322.95081184331644408
322.96237197205272196
323.0940820461823364
322.38508276426330212
322.07834003432293457
321.89361654749694708
321.59800244196685526
321.40524784532300373
321.40380784507419776
321.7480474308009093
321.80370179170745359
321.51609555217828529
321.61048557025941363
321.17622748565634083
321.09362054251448626
321.33352457724663509
321.56795231776624178
321.10965573716197241
320.91359004989823234
321.00437234651769813
321.04485787552329157
320.4714029429729294
320.25524520783642402
319.76896395542331675
319.17676294578370744
319.27219530776181955
319.29619645986133492
319.04398801331541335
318.91826266439096571
318.50892104928379922
318.3009749488674629
317.93746428642509727
318.18240155331204733
317.71664035270299564
317.70240011206624331
317.22471965115602188
317.31233565732338775
316.57300258640049151
316.74115770070460485
316.91571962307421018
317.33177937617665521
317.11752349288644837
317.1602099734186595
317.23524515936156831
317.17678851864832268
317.31790222061988516
317.29706146632668151
317.41010168255826329
317.73402460593928254
317.82356438081768601
317.98430961387066418
317.67961398132314343
317.93385466106349213
317.82450583267933553
317.55015791275422998
317.28521898384894939
317.44540060436520434
316.46700375712902087
316.47292377441868894
316.57116270598476149
315.82482582749958056
315.88032006483416581
315.63879274026788835
315.37548187883402306
315.3579214275890763
314.96880491337788044
315.48573654628336271
315.49613664002356472
315.67924655844132076
315.40514317884486672
315.52356136527646413
315.66857495554017987
316.03919998935452895
315.5755065333123639
315.48011426243846245
315.74086162015203172
315.79127229289088064
315.61739554349640002
315.49684978161138815
315.47152842875522083
315.3360817347023044
314.90618085153067796
315.08993616867024912
315.02843679255727238
315.01831670618645376
315.57338209728845868
315.7529026755755126
315.18794012226834411
314.6876393976521058
314.60723611045125381
314.79853739128782308
314.59903834448937232
314.63864352063495744
314.63848352063462244
314.23880674295577364
313.82044985836938622
314.04847274166047555
314.01903061504663128
314.12593230462374549
314.26290605988253901
313.98872116774856522
314.0767379455848527
314.02500641188595409
313.94139774100227669
313.52466984333381106
313.64975267276383875
313.03975618890893884
312.75725221213588156
312.79057529536686388
312.9600598371215483
312.25955360855755316
312.53891641283115632
312.14601898934404289
311.67387958308455609
311.66983957758958468
311.45594783455942434
311.19003189772007545
310.3577367874919446
309.92892457543121054
309.43236703517277419
308.68854987267366141
307.95570157695362923
308.07701012067673219
308.09977110325979766
307.94707510420096241
307.59459033091638958
306.75357031331367352
306.76545045303970483
306.72484487470904924
307.020050189900644
306.77876637894740952
306.91996048006956244
306.50765733934599666
306.37321520472528391
306.46520000841070441
306.58317665628129589
305.92704893085976892
305.83630671667469869
305.47684551468290692
304.98079814408180255
304.62046944709862828
304.67712459657235513
304.20942135758770064
303.87390904424631799
303.16282794137833889
303.10393092182789587
302.80950224084847378
302.40612003288930509
302.09728860638574588
302.21972131397376415
301.82611726008252617
301.19117172468747867
300.91820942572798003
300.36521517779090118
300.64963717334757121
300.82754494200798945
300.16576550918210842
300.35008558150633462
300.61282670139405582
300.45357096069068348
300.51651173099708103
300.51875173193371893
300.74049589182220643
300.49409678835036175
299.89075710910594808
299.49499099433057836
299.61617909647844726
299.05675187512332514
299.32698444646661073
299.32130443119564234
298.81738486806477795
298.82278488118686255
