5.5025040411925418837
12.780632763405950669
18.810516420417876304
28.020756787393725773
34.859782845043369548
40.873097103069255809
46.400640495223619553
52.111167848724598173
57.131350913385183787
63.230387813947594111
67.671987375494282446
71.922970623092226106
76.38122011611287121
82.052979237981261917
86.336226235241525728
92.705776679990222533
96.03087900489052231
101.61580166115928137
104.80300851442927978
108.18320936074482574
113.29822982062796655
114.32819940970910011
118.36662103964491166
124.9152708509294456
128.14260360655117665
134.02152339039565732
137.43652184079357426
143.98517165207812241
148.99923540571899139
153.32429052918283219
157.84070532394875386
160.94915638150294512
164.0336841538400563
166.93355394786104284
171.46504221754406672
173.37950778098098681
178.87707772563845765
183.0283715997924503
185.51233612518282712
189.24018236164073414
194.0380318502337218
196.43296351223364127
199.86728109045708379
204.95733546895556287
207.5665145746829694
211.82838350388459503
216.12890740941867307
218.30399549410697091
219.0159369111369756
222.30437406788772137
223.68318523120379382
228.38804436145693444
230.62271467057075824
231.98764600553673176
233.59583643676117504
238.34789467836415611
240.21264778489069158
242.19884273795963736
246.06595822233177273
251.20830598673958889
254.41325251306844279
257.27945122831607705
260.01077708822174372
260.75441108678677438
263.42932430107680375
265.12607590991672168
266.04763659848487123
267.6866452549562041
268.92145910563488087
271.57566913904202011
277.33605667795990257
278.63567060247299878
277.15197586811427755
277.5713772627951812
281.73985166919777612
285.59507713888120861
286.23687607815367073
289.88375015055862605
293.53264519303576208
295.03449361528572581
294.46455071319445551
292.80222466717145835
295.20121134526232254
299.08591316228859114
298.77138560524167588
298.53902577229348481
298.3657938543908017
297.36390391989505133
296.5906239019599866
297.12773444168453807
299.19088819546163904
306.85319594823721445
309.0803319036443213
307.02693904046157058
306.0045895448690203
307.00642857387555296
311.41467737680335404
313.43476433028166639
315.17400035176183337
317.13138838866183278
317.61457472976985628
317.5825319884282294
319.13756870422412248
321.1850216504335549
320.1362445487717423
322.60247112011620629
328.03569106522030552
327.81690246689197465
327.3691278461705565
326.94935037267777034
327.97149429954896505
328.82222308736390914
330.21892493543481351
332.97099228790278858
332.85253396103092882
333.88999595847832325
333.90159608855560691
335.44769790685097632
334.99218152432280249
337.19664928019454919
339.31516681440655248
342.32686896889788386
344.28573335126736765
347.36406392319003089
348.92669101212680971
349.69502319028174497
350.70379642153204713
351.14703311841338973
350.53668591414191269
351.75014260992884374
350.9145317875299952
349.70994354789417002
349.77244388533142683
350.75613500050559423
351.43838191143402128
350.10148000138866564
350.73483584659442158
351.20190571717927241
353.10180388667492934
350.72591674421983043
349.22688513315137016
347.10920244566256088
350.28231958540857249
351.04092095961397035
352.03280553233565797
352.1335707067979115
353.10161744431610487
350.76903243989227121
350.43450731646908025
352.77893137041382943
351.72055575992783361
350.31186094540493059
349.70987730786288239
350.58105167210703712
351.24390028848324619
351.89154718304666858
353.48370872801456244
355.55730233263216178
360.08594733753949413
362.64982026863231113
362.35588204803838153
362.16078557056499676
362.25465443594674753
362.47769448785601298
361.26355819514947143
360.536588231948258
361.18104401176270812
360.09073450111196735
359.35117282242788406
358.43574293178170365
358.34107228771534892
359.43595471992136936
359.09418642032079561
359.72264558314395799
360.29163519203086707
359.03486275763935964
359.09864437131471959
358.54767699746992093
357.22702597081848808
358.73236887713119359
359.33798441746750996
362.75981915791390975
361.78424072667604605
363.36583367490720775
364.1275672807963133
363.03513212450212677
362.66285126216877188
360.10947511574988766
358.01135838713719295
361.5913476687377397
362.85305572491120074
365.36104495068894948
368.82892801758060841
369.89033851024078103
371.90203812315252208
373.69876473188463706
373.65571808594734193
372.29682337844485573
371.77103621457234794
370.9334813141983318
370.51420527262439464
370.17466024695204396
370.47780050930407469
369.24619186856733677
369.99867720402880877
368.98243489924726646
370.05029629639938094
372.20911520849699627
373.43358959688993082
373.0970899316345708
374.79958251256329049
373.66268262520168264
371.33813204328930624
371.68142418003202465
373.16412382575128959
372.63207860834802432
371.46199570815247171
370.62073817927569053
370.58901551926220463
370.92173121351316922
370.64685342823241854
371.07353089618317199
369.74595123828260057
370.2403834885649303
371.83560881254368269
372.21559594734122811
372.65383771700072657
375.80717452039777982
375.98302629114613183
377.47130649324856222
378.22654927350191656
378.87446223800276357
382.36613837559741569
382.49708516804543024
388.02716704626021738
388.19230128392143797
386.97952393490567147
389.35143306866717694
389.71163782958922184
389.69111710951335681
392.91111671706869402
393.15276580111355997
394.09474860247820516
392.90710142348302725
390.20653600077940837
390.8428510583906359
391.69310304621922114
389.48561418740717954
386.41816283156811096
384.07298715455669935
383.3454708784982472
381.26348431905978487
381.9870421771004203
380.07284450899453532
378.68917308381753628
377.63481965676783148
376.33074465694221544
378.57080838709021009
378.76150417920064228
380.8058002658069654
380.80292026381630421
379.55747741333374279
380.72474077878234766
380.73478086312098867
379.95088106723721921
379.77067497446182642
380.66479660720528955
377.2833385944995257
374.41596163905330741
373.62717844059858407
376.10119373346662996
375.57407865006422298
377.46903836016883815
377.69843910626644856
377.61138416862951317
378.44794313502052319
378.25014071698427642
377.06968351466088052
382.2016968636341403
384.07448016267176172
383.4496777186534473
384.53108391134662725
383.91147322536960473
383.37539346402877527
384.12613383087716556
384.24603727733693859
383.07180038441674697
383.15693176193292402
378.4531969284859656
376.77858306425287083
379.73487453571084416
379.57924115201490167
379.48597360084750107
376.48162935335625434
374.03819486491221369
370.52360701043028257
368.25504116463372384
366.85260617715545095
367.20480217010310753
367.73337420395853314
368.55103704011384025
369.82816209625968895
372.07318089496135372
374.09413858489210725
377.80812048766773614
377.7956003241209828
376.59196982158289302
378.11803586423889101
376.85934886038904779
376.4813929455546031
376.46863277242101731
374.86015455295887477
375.78004606492197581
376.2532846540321998
377.36044857151216547
377.42819446964745111
379.70561888008910501
380.76326260166388238
378.76180530396010226
379.03961842464599385
377.67918580959775454
375.14696463810366822
373.79218464459063398
372.45121106899381402
372.97952595414216148
370.66148747739919145
368.57513111355211777
366.29343180306244676
365.60889729510108737
364.46802367824727753
365.08530510803251445
363.91334019130579236
359.65001109533318413
361.21851343413965196
361.63628549134801915
361.22122778351200623
362.46638254261620204
362.61815320110991934
363.9331613878264875
363.31680242171916007
362.71057388961156676
362.22310494237007106
362.23886526858478874
362.09887710703219454
366.46994649382565967
365.16646696270953498
365.99895142550980154
366.59355185386579024
367.06036840285997869
365.80400182686133803
362.65852817865737734
360.7824500710055986
359.15863938293870206
360.69778163970886453
358.85844697829583083
360.46591818025763132
358.63836485654894659
358.65600531398962403
357.69726262453372101
355.70255776708341955
360.10660829738634447
358.73933040561172447
357.02945594878354996
357.7753803552641898
359.14074370524684809
360.50203816008314561
360.32058190264143605
359.59756960649980329
360.09765755839032408
359.73009448528983967
359.61163615841797991
356.99774905412368753
358.06351037034278306
359.06433154128734486
357.4623152573644802
357.09330417281699965
357.28048881393459624
356.23976314564265522
356.78723998251570038
358.19201172297573521
357.43322619828484221
355.2006152551005016
352.02099780057932321
354.36379493488038861
352.24975828220414087
353.31363136251553669
352.78390194794945955
353.08209199799966882
352.89773158489879279
351.91993898703219656
350.45583215858596304
349.81421026406292185
349.12770075667742731
351.05517866863004883
350.22094202455565437
350.6824843720590934
350.84367246140237739
350.66564374005048421
351.99099114736480942
351.63660831219749525
351.30931768106944446
351.88746068620616825
349.6199535939858265
347.56874186443963026
347.22454347532561769
348.25699035799806325
348.20701996241899678
347.97810554553200291
345.0281793525468288
345.72823450471315709
343.52778354390977711
340.16193501186438652
337.8774967007828991
337.84249312720959324
337.40404159533534312
335.28969283384788014
336.30829382533039507
338.71952847977763668
338.11032098384725941
337.49114990470053499
340.42344493529043348
342.99033436665212093
340.88169549775005862
340.51053237487252545
342.62623449180932766
344.60406778185824805
345.26135172366980441
345.65894798785842568
345.06918832192417312
343.45125436570145894
339.91361346399111198
341.82781113209699697
340.82912590536369635
339.71863832669532712
337.88234277084325186
336.45888444733253664
335.70929149067916342
336.8246674640545848
335.50064597149059864
334.3641267000281232
334.16192053285436714
332.40526734436025436
331.92856025909804885
332.86603853708140832
331.80907419433987116
330.80320992753672726
327.11095280285536546
325.48815950170910583
324.50456934896385519
323.99834908065747641
324.27428671177386832
322.4277496623599859
318.86803145106119928
318.63234650353410871
316.64850568919797524
316.96602676165377943
316.45114574426651188
316.02195671286858669
311.63946422237876277
311.49465168394374359
308.79204981181050016
306.44348604970815586
308.18232869309412081
302.60008630297198806
302.00853939258536229
301.35076615461986194
300.79708165435010869
302.13592703143922336
301.88713157293204858
298.52345032913859768
297.40828948432709922
297.30993026264627588
296.26993029417894832
299.4319569805150536
300.53152949971223507
294.61227461288206086
295.41253416918635821
298.3256294519657672
297.87856943373628837
298.16307305861738541
300.01727752358709722
301.0453910491927445
300.73987665394554369
301.84211890442799131
300.1803150534358906
299.54112653969337998
297.18018498823386153
298.42142625034182402
300.34827307388769668
299.66701243876502758
298.83414922845821593
297.83759784207154553
296.30339779736567607
295.15520866040054671
294.78805923481104401
294.19232395705802219
294.63833329315303899
297.59441199952198076
296.93160793975624756
298.09765632385449408
295.56470187799897076
293.45947672146996865
292.54527105832585221
294.60273859667785246
293.31531964252098987
292.59966238364893343
292.57402097884522618
292.33849826197473476
294.42944366527888178
294.13689489204637084
294.89600270964507445
293.49167331128387559
293.07874426836553994
292.17304155846846925
293.25243932855181583
292.98460971852500734
292.19964098732577895
292.37702464264305036
293.98399258907238618
293.96251176312642883
291.78458216145548931
290.05084359078233547
291.10843504450866703
291.95544720693379759
290.2529546260050779
290.44163237340558226
290.22895432935820281
291.28649351655957389
292.63045103142928838
293.93042142329574062
292.2139017882551002
292.09704900499082214
292.72022264985656648
294.24656141377857921
292.91154013640078801
292.36320174182668552
291.31213338624360176
291.64419124018650109
292.34578033169555056
292.89265419614054053
290.11728895021605013
290.25699574052339358
293.72932106103485239
293.56193130733817043
293.55837130357832621
294.67589985283041187
291.00203149345833253
286.92835125664515772
286.94979207798530751
285.10681856647374843
285.79440588946613389
287.05797559154206056
285.82350542606707222
286.57355729017569956
285.88107003704766385
287.57332134968351056
286.15235413741140746
285.58176111808654696
285.85101612045838237
286.35766258911041859
285.85982934745874218
283.4595316711025248
282.21834789739006055
279.28854893709944918
277.97509829679790982
275.4852086537488276
276.89701058540322265
277.09857020932071237
276.4452867535688938
276.40264029124369927
276.67841485914522082
275.1797182473274006
274.16675326505139765
268.85723865961904266
268.4819760324400022
268.49121609818161005
269.13890733619581397
269.82460873369933552
273.56429719864684103
271.41149866337360663
269.78237174675558663
268.8699278459935158
269.97259758510551819
274.27843785971754187
272.0199519848467844
270.29901101112204742
269.73374550175083186
270.10826253361904037
269.97611054207112602
269.92221750167783512
269.56188880469466085
270.68432324031834924
271.3697553157583684
273.09030790783731391
270.89397190351138534
269.20719364122675188
268.37390427241865609
266.72479965638524391
267.64508380793574815
264.677241994928238
262.24827068149983234
261.50257539991986278
259.43280616492762647
259.73696965607922493
257.8273180727069871
256.21927151490888264
256.40334954571289927
256.02083266602778622
255.40390268097922899
253.06721824203646065
252.52559476064934074
247.78058193343397875
248.02158165416938118
249.42685907366467291
249.05726867749558551
248.35179607410529457
248.9294613083087313
250.37882184206929992
250.85743356579811802
250.97516937929785286
250.43775814340000352
249.61500709064898729
248.93123530637399199
248.72207611029725172
247.17189422618434946
246.76484553367777153
244.91796861759331705
243.49948873080089129
244.96713915911001891
246.02488742035257019
244.50725213746073905
245.73583245473230363
244.1840571022286781
244.52734923897139652
244.02509048397229208
244.01089024535772865
245.14290216176323156
243.04077248348042417
239.46607607807064255
238.31410915541323448
238.47698829605738524
238.09600599558558542
237.64743256837979857
237.45810908854301147
236.1991318200847445
236.26231282907102127
234.66280204038062607
234.26641208468299737
232.10759317258535361
229.58165931034034202
229.73415414286998271
228.54555739370201195
230.60412032523603898
233.6898438944899965
233.59962274533569371
235.59812752474510944
234.70133461004573405
234.51951537512599089
235.32857931640054971
235.85064215364550932
236.10346021556699725
235.18847112071992456
233.2961496205495564
234.28327622764433613
234.42467132863666279
232.28297794377843388
233.07795966247400088
230.5748433001113824
231.73515859033852848
232.13017619633197341
230.45841870297030596
231.46428296977342143
230.51430871709015946
230.13374109160889702
228.1730289668880971
226.88117989107399808
226.27779645958824517
228.20023395854818204
226.97325148630943659
223.22603761259060207
221.21980414637025092
218.9115298276844328
218.25700231861006273
216.97794070477877426
216.29596280983304268
216.29660280985487475
214.71147156697455216
212.20563461953540241
211.95765156405656171
210.42919758690959497
210.86048060646027125
208.38311154513863244
207.34652935094217696
207.70954400330970202
206.33514468382668383
206.52604230163481702
204.10870288825972807
202.07988230963897536
203.87816697304211289
205.0581235717154982
201.44424366908276625
199.75564334635930663
198.77225510453970969
197.9875187868712203
196.15383488313773341
198.01069029936684274
195.67686450261561504
196.15750878022970483
194.8883424733243146
196.76789743433968738
194.51732384796815722
192.44695151932430122
192.85816995145452779
190.47764664311614524
191.94937535807667928
193.9421843651805375
195.1783736060377521
194.21903182185201331
194.39706054320387807
196.95777451927764901
196.94761443187863392
197.5092028938191504
198.33053954327490942
196.58712702640079328
195.4367487713325886
195.14268793893526777
192.60811867344182247
195.59307809962734837
195.09426655141427887
193.93334568940744589
192.63503819097672931
191.30001691359893812
190.98040364439503946
189.31927091428511289
189.10707830608888003
189.05598719538846808
189.94424251205853693
190.01607338145225867
190.69137830182188509
189.64129966148195194
188.66043374149799661
188.27335196274313489
188.32028057339857696
188.60103021917959154
188.49661545783126826
185.59896839899377596
184.03207700671944735
182.45683228468104176
181.51836476312595892
183.10647457054847109
183.95386767084508506
185.1641562171010662
184.70708145249187737
185.76435932691637731
185.04620707793509382
185.24126317365252703
187.31798509305440348
186.72041580916865655
188.33473365628506713
189.72284150398502334
190.64828521659416083
190.0910179630830612
190.38875817450733052
191.71085288106340272
191.31375581359213811
192.93763919871918233
189.64949038595827346
190.03254654769168042
189.77911882366214513
189.63438670514034357
189.98217028573313314
188.51852223907610551
188.52336224852447799
185.85176025578689973
186.02809575723932767
186.59491972595876064
186.5759191543444615
185.8533614143387922
186.30866724643243515
186.22505857554872932
186.16243812065903285
186.71832365983982527
186.11983700689302168
188.3761069843791347
189.02934601868992104
190.21230823463577053
189.28647094110104376
187.4756588018104253
186.71530750163336165
185.97647730273513389
185.02983210487519727
185.40128499001860973
185.41980551939437305
184.41806829776822951
184.11758769478515774
185.71295567155635808
184.82038686241841674
182.53547157861871142
185.17543998213147916
186.834561187065475
185.47425165611520015
184.95240275284919562
183.52209026707760131
184.1720882139245532
183.26389644634741671
180.52890684497450025
180.39916515666902797
179.69865892810500441
180.56311109720215313
181.60798846202703771
178.17036150582435994
179.08182722221903305
180.1984406398429428
179.2884903031306294
179.59838681232767499
179.69614459052752409
178.52711259389849374
177.38340340223518865
176.43556626946551091
177.4041644636516537
177.32456245722906374
177.3614066246372829
175.70911892430007128
176.71034718095552307
175.80108088866586513
175.9092261657398808
175.92982689427091714
175.60771028197078181
177.85388427182456894
174.13688515477250007
174.5828944908675453
173.52294967187106067
170.95470026611991443
171.21280363158211912
172.23767296120607284
171.48918107486358053
168.82417302819456495
168.09492607452713742
166.37670156948243516
165.26766207585185953
162.46943395418816181
163.53792579570415455
162.61302314755334919
162.94429990858017732
160.51801264093739974
160.45222892796468273
161.7607167274868516
160.81967516581565292
160.61484198204917107
159.45375593081399757
159.50092467430891929
160.11570286517851969
160.74037321451410776
159.13556016954095185
158.02871760167036541
157.14264031213792805
156.17789944970397187
156.88988615342989874
155.55988999104314985
155.92443414995832995
154.23134485742053812
155.93422098109519425
155.44895748513135914
153.88059529612766596
155.11180368155791598
156.71489502736545774
155.60397818329460051
156.50475931998511214
154.49430838193310933
155.19129802639460536
156.06444454016804002
155.532956958044565
155.41112649066226936
155.03283900081328284
153.93000892983499739
153.53370215732371662
154.09252445965540801
155.66404313722722463
157.76596671661027926
157.21232536087845233
158.07749688348602035
156.71755655106392169
156.76388483552395314
156.56034503969772231
158.76436584623226622
156.96919555720410244
156.31608978348160122
156.11743908668631775
158.31288714907671533
156.89415232573298908
156.60724021097158243
156.65156746778563956
155.65511764050233978
156.42381943992998572
156.80289450284257668
156.29471333951661904
156.00285918474875757
156.55736352678113121
156.3779639172676923
157.78735573751805532
158.0831742474113355
159.60427150143590325
157.56822582690750778
156.20711608903567935
154.73486038397578568
153.72327651768407009
152.62663658995762717
146.59675293294569087
144.98791490055356235
142.64711713691704631
139.83251152060910272
135.76971601110363963
136.57451455797357198
136.08954786119068103
136.91206312595375039
135.05031995037938941
134.90691469317042106
133.23124707296912561
129.42838035119441997
127.9051069492574868
130.01095210238679556
128.90534089375174176
129.45432558691567237
128.92562497230187546
129.22164789269362473
131.02766651533835329
131.24301490441726514
130.91235472495088743
131.96206885225737437
130.93158340028026032
130.43064429089426426
130.23300344171298093
132.01789643066015856
129.24415962707814742
129.8140158557353061
129.67796639329952768
132.67654783637189553
132.67934783820123812
132.60383197196628657
132.06311150840801361
132.62725187966222506
132.56026684410235816
128.70306909380971661
128.29401936404178741
126.52086103956331442
124.94596822088257682
127.01262595867548555
124.76668309338795382
123.51066432302675935
123.5604746190231964
122.67338116275716686
121.62803621487176997
121.22777674059086905
118.75766220885002156
119.26524647693979375
117.72521019145936805
115.344557845597663
115.88510633017183693
116.04552949580427423
114.74817151354048406
111.16666510271713264
109.53637044449894233
107.57879795410012491
105.52520662369910553
103.8651172503515312
101.23619388126940066
100.94560620386079108
97.67263029055496304
98.895681159470711918
98.333098097774168878
98.243237678774789856
98.504025720348366235
97.756084206545267534
97.229226175248228969
97.828761549567929023
96.549758650409486904
96.664042875915441755
95.896172653987093781
96.679561370606563742
94.207219405895116893
92.513367893217747451
92.548131393771726039
91.999362145894068021
90.707513070079968998
91.21769874502003006
90.817813869103829916
90.58289948973781236
88.705084065612766153
87.887891852723811326
86.729941960605898998
87.28224608466551615
86.881362218171105383
84.224054039100565205
84.436246647296783863
83.679578112705499393
82.656303311502668407
81.982250753357234885
80.470098173468485925
79.232302995052009464
76.751009151928130336
76.870872454495440707
74.726944526020801618
74.429286100223592371
74.920447541353212273
73.972113583952378235
77.001404765924547746
77.756095838097792239
77.779536911413217126
78.675163807181789366
80.852984000763498784
81.840565709457592902
83.110374416770412154
82.420720205109574863
82.751051566551197425
82.032536231416443684
80.456728294701093773
80.805872353381914763
80.698649745943569656
79.741853010662524071
78.868128980153358043
79.037855252009364904
77.206189884364462728
77.610155217157753782
77.394887758816111045
75.496225895525185479
74.593107071544380915
74.73506498735656578
77.525559521039355104
75.405684192296234869
75.420884484957042559
74.214717717915590356
73.548570146594187236
72.147144624157675707
71.606295171237860586
70.509655243511403455
70.248175543453641012
69.564224312015710439
68.25023467926274634
67.012898484940549793
65.848505646082927001
64.0963062135482744
65.971169517139188088
63.88603413027136213
64.345552863179449332
61.87209560913863271
59.950107227799648513
59.754849221716611396
58.073901381446468406
58.826708277835500382
59.411459812534232583
60.116480582653082365
59.663237620635896974
58.043419825492811981
56.810895985525490914
56.314678565404058475
57.358257638154270808
57.734265963757948725
59.074083902872317253
57.221331012266205107
54.338323832632248411
53.827754200675919094
55.185173831201602468
56.104378383359936322
55.469079478083315848
56.620060176890248727
58.048319799731828539
58.571238489784377634
56.16106236088464243
54.330405156137125289
54.201948808584830886
53.07719194165660781
51.440531579064348477
54.945542170908275637
52.744422640951562187
52.329740647106461893
52.932861573551640788
53.567718772470911404
52.759217699940101909
53.223164296791800609
49.869641656617275771
50.273482028387626031
48.684093897174392396
48.625837426784009665
50.140221380399687234
48.51109446378166723
48.303229230979098929
46.901425231391172588
45.951500702101903073
45.653187963594106691
45.723536962234526015
45.243951427741940563
44.616461911142401675
43.462521022580453689
42.645469979944451211
43.182108045014693687
42.160991663506997895
44.002356125201046666
43.229909084054391144
43.755953229210291511
45.794252740783520039
45.199041285942229251
44.046909943493695039
45.093918259209253563
41.653968612754923129
44.080524013548021856
44.758872513107789359
44.599012945494514781
44.152373229216294703
42.079585699149674838
40.760076731107417913
40.58007226461674577
41.424229239548218118
42.69386272377536784
43.185746069500979161
42.335017281686035062
42.750534234738843509
41.065499974217907209
41.634792876340462442
42.106678664805528456
40.297273232733495263
40.366220532827675527
41.573346347375029097
40.922727078177388194
41.623819808472688919
38.746179187743805983
36.863923540311418492
36.665797976842888772
35.37477670422708087
36.362864192457138302
37.228275546425571463
38.202245067015851987
36.625521461551635127
36.631841482588093584
35.903004520721665926
36.307136473053120085
33.667328899573426781
32.814167010254003287
33.610829018912561139
30.918541689071439293
30.711646814888304391
29.22529545489027214
28.276911809032029055
27.88035548290016763
29.206064680375916964
28.597163963396379671
27.873333285700223172
30.115353625972772988
31.393241315901029509
32.104911027467871065
31.184675959492444974
30.420729218433919527
29.364078359782752159
29.858340634196949281
28.175578022443755088
25.524620213681657788
26.227789189323591046
25.786232063709068285
25.027630689503681083
24.636852576997103625
25.008139881815832695
23.517395326223898167
21.630947352973091569
20.756597524587345305
20.750317503947794506
21.836223445345883221
19.959624375486828995
17.901459876142173044
14.233787649771761252
12.527455052241377231
11.355157821164844734
11.540849564015061901
12.417848783769571241
11.477302455352573318
12.00437469555552461
12.632569381052343616
12.470898157765784475
15.645052739626592597
14.878244720674750567
13.640621674879096048
11.285379532318017937
12.299828928806885386
11.115808039581118294
11.749693695369165525
12.440246996327063655
13.562195688998489373
14.02209377909871435
12.831037084194306885
12.264559497661384313
12.353858792468534133
12.542052266286139783
11.499407464017918912
11.170226826430253553
9.3802861754720510135
9.0923532651914431568
8.9989253652188860855
9.8312678122666650182
7.8492133372551116111
7.9782320082858664279
7.6816775918520905364
7.6076838502260821784
8.1468567836264131898
8.7998293023617293329
7.326189419394511404
8.3999952206048984493
8.1800730954417897323
7.9419948859417424103
7.380449661325729771
6.0999195475766532226
5.9253979306295692098
5.1278486713471309599
2.4365708846457625469
1.4270314815966920197
3.7524447631317521257
3.3418937253852796232
2.36324505869731194
1.5110376104814271514
-0.53690929003676268749
-0.50358620680575483242
-0.43531970720617862991
0.35211384963892311539
-0.52556022279627956362
-0.87482797714785087706
0.51296705955755661499
-0.17134309801779656901
0.69234199283520381218
1.4912927818478827202
0.86419985635665319545
-1.9756187279238974774
-1.9944192816759223064
-2.0777474645874698389
-1.9653091569017744344
-0.66171054829446984691
-0.12099008473619254911
-1.5158062278397901324
-1.2805674071964023852
-2.9875922933928298342
-3.5128655456013304637
-3.7593864805922572181
-2.3022129040234222686
-1.7817329019498755471
-3.8445867563865525618
-4.6881730839343145334
-5.4773287175554523643
-6.2032518715093800665
-8.0737854078772972599
-8.2216542518191140232
-9.6352978581500341448
-11.683541221629528906
-11.41852088020410072
-13.036310024058254342
-12.661295940095259382
-13.695757771201920505
-13.805748525915197078
-14.515652765896463805
-14.966497254874218115
-14.476949029555512993
-12.545497456710663187
-12.578980584576605395
-13.7714924033888515
-13.105523243232287456
-11.159704519613880436
-10.34340625472023234
-9.498107595318767693
-9.7512914488895994225
-8.7426714192037522366
-9.4335394648480193069
-12.146892619585280215
-9.8729010927865683556
-9.3722599087292834952
-8.6024951690843831642
-8.026696970021410138
-9.3606878081036200001
-9.6313277377072523677
-9.4426499903067231401
-10.243470646168194804
-10.357473958667059222
-9.1646261813243903305
-10.163972308457013938
-9.6077845635150982417
-8.4449356048466039937
-11.350889995412483557
-9.5174585701223506362
-8.6586101508022661477
-11.253778890791885203
-12.32505752163169177
-14.483553184248984635
-14.006592196290384322
-13.676959514417900365
-13.91588972635889121
-16.919789612173108395
-16.674283884309016202
-15.176658791696063133
-17.625135717804838009
-19.737301320562444573
-22.715946285268660887
-21.828610821143257681
-23.247983159459383984
-24.949479005166729451
-25.885622482532486544
-26.183853428487640969
-26.304158319184704595
-26.750629925549848309
-26.024160657834656263
-25.675428898965147795
-29.913499548535263273
-30.712497068039745329
-31.662023849526921282
-33.212829068180298009
-31.441925520918445613
-31.927061814667037964
-32.847640489436734867
-32.753250471355613627
-33.155674835346481188
-34.711058912533573562
-34.085860152777364362
-36.184696228023540243
-35.768970512866594902
-37.792349967116230403
-40.823688833700032319
-40.360164130088456602
-40.586120622779283451
-41.787837130932786067
-40.150003086327131996
-41.133391328146736043
-42.515815183891575657
-41.230459813171634664
-47.765200483453973845
-49.27343894363222887
-48.633365776275518044
-48.734692381396143901
-49.209834066236652461
-52.633630099715610129
-51.287537999601710226
-53.679079209024251895
-53.034357624312718826
-54.764416883525200319
-55.011181487016372671
-55.810225737841449245
-54.055960229049816235
-52.69010301199916313
-51.137703678669083729
-52.814425815635125616
-52.195386607228904552
-51.194209240479388257
-48.766849078691009822
-49.965024263697159768
-49.064389155825324451
-49.240119997106283734
-50.574413841299261207
-52.331545048706658463
-53.471274704367630193
-52.914784728899803667
-52.925464830417077167
-52.864606053357071858
-52.774064250252209263
-51.203247579324944638
-51.415885169431980728
-51.66399008016837513
-52.763455884304924837
-54.83503524767960613
-54.773816135196760513
-54.975941482162781426
-54.205344587000581669
-53.466560099307976373
-53.543878594756932898
-55.186490304553075248
-58.284486152227231059
-57.791073652243063918
-56.799087733401172784
-58.851587870474332931
-59.052905051501966227
-58.336794317189273329
-60.327426468294198969
-62.014887735674108171
-62.090203317397502758
-62.683538390861791356
-60.972507096566282314
-62.259631105181625799
-62.01997053674327276
-60.132910099800838566
-61.622188901586120835
-62.747107901197630042
-63.584093648382001618
-62.79107092091560105
-60.780907969545594938
-61.811187061229823314
-63.45078337292736137
-65.70019765151685931
-65.809626719458577782
-66.172062749223670153
-65.620707336120077002
-64.752128006891169321
-65.191376721818627971
-65.947125330926937181
-65.30351112148761672
-67.371171747948466191
-67.106151406523039782
-66.986488821971633456
-67.910457202034834268
-68.480443441624899492
-69.059281500951001931
-69.892618225121466935
-69.7758055785113811
-70.400608022529709729
-69.407709776364427512
-72.998747896220564257
-73.183511725320556707
-74.566621628884348638
-74.906413643852332029
-75.668331609628282308
-76.704086090420815935
-78.535079267735056874
-78.563241128829304216
-79.359903137487862068
-78.461554640735457156
-77.111307681983149109
-76.818105086176942109
-79.269042841369312669
-79.046610262001664182
-80.465855077475197277
-79.956693108052903085
-79.574425109236429421
-81.060510606252833554
-82.495451518840610561
-84.503504500728780613
-85.271236151025320282
-87.326913226976145666
-88.527842192072213834
-89.274041573146519113
-89.722741140554248318
-91.045016391966427705
-93.440862506055495373
-94.64640897715392498
-96.094860451677220681
-96.179350677638396405
-96.215474605416829945
-99.075410204633286071
-99.510758222511284998
-100.75251696223148201
-101.34921278829877167
-100.3854727393639763
-100.55390984100323237
-101.34078512502806291
-102.2493675720292714
-102.51866330388527615
-103.33632614004055483
-104.729321470003228
-105.47217715487531109
-105.26410975176786167
-105.85932120660915245
-105.47854624767614951
-104.00806843724637929
-103.16243668854082216
-105.38616299653628516
-104.68543120409036362
-106.59713108315922625
-108.1003226185301429
-110.76878776835117435
-111.22670512873999371
-110.949748269845756
-112.14769883605600853
-112.536067804200826
-111.32255448489563321
-112.34439009598096959
-112.07818917474624243
-113.13970439832230852
-113.34991506798962746
-114.58857115423536754
-116.03617896050030822
-115.55472986133163715
-114.53628277681544034
-121.73096984685865607
-122.90998122297412465
-122.6553746859152767
-126.26184468502188452
-125.89630818830640635
-126.14177331050710507
-124.42478891137939456
-123.79412494194012595
-124.27307535717567077
-123.98946960314225407
-124.91383131329691025
-126.06996787857029574
-127.10856899300857492
-127.8266304775460469
-126.9253625130831864
-125.85155671187280291
-125.42672021451191711
-123.60660459403599987
-123.77266515331443486
-122.2669858289915652
-120.90341153540877883
-120.78439123234954877
-122.25309312549916285
-121.93598220675924892
-120.31406039960771182
-119.73391874676806879
-121.18224039747435938
-121.17672038345790497
-123.57073828931179094
-125.77800311163323954
-124.94736423490415689
-125.16425044178600956
-124.88806820901115202
-127.04699488935091267
-129.9613189298694067
-129.81063445801862599
-130.97254666959102565
-130.01390381370239879
-130.28047115923857291
-130.00114914037422409
-128.82169301259600047
-129.91317135028012331
-129.9416132674483606
-132.24891545429497342
-132.30264837882671713
-133.3368517753516187
-133.52984861098644842
-134.42338781642197887
-134.91370011862022693
-136.55587016682954982
-136.7531878860125687
-137.81213873428407624
-138.80600040757059332
-137.61555900182395362
-140.14018116772382427
-145.35055251672415011
-149.27239328719400646
-150.38690888682029367
-150.31411676191257243
-150.09771620921833346
-150.69795090899438605
-149.46067207953430511
-149.63704789280683372
-149.39694096409110102
-148.28296290791985257
-148.14156780692752591
-149.80553624768089094
-149.48674353021465322
-149.82303748376989461
-150.27518624685220061
-149.77258686864149695
-149.4912660925781438
-150.17212334321240519
-151.0697425340574398
-149.60701165706268512
-147.64528217691940881
-147.03006495659937514
-148.66342930735714845
-147.64385331340642438
-147.6434133133993214
-146.09682798410742066
-147.49239815191373282
-148.58951766427435359
-150.13265266487368876
-150.57034909717279447
-154.32469540013602227
-153.24930852511340618
-154.29652485525957673
-154.15983241267826998
-154.46899153839643759
-155.59672297060225787
-158.30085456290569823
-157.056103054652624
-157.45207710794954892
-158.27822591460903823
-158.13638860385910334
-162.45757189047122893
-161.82492232558215051
-163.08105702367296885
-163.72285596294543097
-164.50132470964987874
-164.55185545882378051
-164.08706495374229917
-164.98770006161413448
-166.33629608244879705
-165.68221293424269902
-165.82867418429398754
-164.78986589115487504
-164.99534583285444
-165.29509010163621952
-165.96239759498104149
-166.19119043377892808
-166.17863026865958886
-167.70701596817440304
-167.57309617765949383
-168.66856427050265665
-169.63225429053619564
-169.1856986299904122
-169.90607549539407728
-168.62201599994088497
-168.70867018273068538
-168.65641829754179071
-167.26204184397380459
-168.96806686419202492
-169.56388945348160746
-172.27330580417620354
-173.44815271533877876
-174.82106332910842639
-173.96895130485569325
-175.11582816258299999
-176.11232876882394294
-177.1333937861017489
-175.51089103951946413
-175.73794144358899416
-177.90649659989179554
-179.84875461067179003
-181.64098082436572668
-182.20880082647695986
-182.68652361310262222
-183.28378716158243833
-184.20215782081373845
-184.61270885856021096
-184.37734836926134108
-184.94399914274848129
-183.93016411156872891
-186.57706950924523426
-187.71728935139256578
-185.30048202510192823
-186.01777212635224146
-185.2344763227721387
-185.99284752613681349
-185.83367229349678951
-185.42070152093094748
-185.65192624262894583
-184.94550456412102335
-184.09644417743510303
-182.54432220018239263
-182.17543524587094339
-182.97107028380790439
-181.21759977578258827
-181.87350520046180691
-181.34964485596589157
-181.49880077082988805
-183.81439086863116472
-184.68445960305174935
-186.01608882800363176
-186.64230061083841861
-184.46743083835386301
-183.87483731007048959
-182.19736148026854039
-183.85737635647549837
-186.1786050991701984
-188.22763936224083636
-189.61093641868896498
-190.36986006430433349
-189.93086310622305746
-190.54283286656973928
-190.84998509239284203
-191.10227481829301155
-193.01629391913061795
-195.43763155204817394
-198.23678387427943903
-199.3501708013850191
-198.60992318843466364
-198.69184898040256826
-199.3236600357274142
-200.02872598606217025
-200.69344655411148892
-201.44092950683290155
-201.60115138454452222
-202.30572039050764488
-201.57793091901314142
-202.99615590890658723
-206.36790927535145102
-207.91822965642859344
-207.32873146162367561
-207.74579346595461971
-209.78477970443452705
-210.66926102807434518
-211.19136665351692272
-210.52526368594536166
-211.42711597592060002
-210.99976888764103933
-211.06951714995435054
-213.01286975285853487
-214.77719067763158023
-216.19694564405492088
-216.28636517857469812
-216.066321595773843
-216.38207919471378204
-218.59270879851806058
-219.80718498358240254
-222.7735227256573296
-221.632703598446966
-222.81193733729870132
-222.37545719610801598
-223.65000346028725176
-223.32345223903240594
-225.43967526027344661
-226.16155130021135733
-226.59455208494955514
-228.74231986438454101
-228.79637302132999821
-230.48315128361466009
-230.51339358836395377
-233.7261093572490438
-235.16678980141531952
-232.74451732283526439
-230.58785184411451041
-232.92254695025206956
-232.74770288596300816
-229.952242838643798
-230.53982417623478796
-227.97655361043783273
-227.76537224700453521
-229.05763537064808588
-230.99661497946951272
-230.67810942995717483
-230.21369870368280885
-230.67895342758620814
-232.18779861080810178
-230.42203534645486229
-230.91298448658764642
-232.16917715134906075
-233.08064286774373386
-231.53080717151587464
-232.53927401056211011
-232.83010679452982572
-234.70783530015350493
-236.22553839107393969
-237.56760750168106711
-238.18506466769258623
-238.0887101891010218
-240.7825135041871647
-241.7515128436741918
-244.07951790086636379
-244.5924347385648332
-246.02223376611533467
-247.17913941211989481
-249.71429643668483322
-249.48213931308347924
-249.73633934305576076
-249.72249912213348466
-251.63366436290402817
-250.5432486233050895
-250.60030409611985647
-250.25161356561704906
-249.83613836391378982
-250.25583226180972929
-249.61544940846368945
-250.37870435324430218
-253.22621765967159035
-254.43537603848980666
-255.26951793911206323
-256.92143516018120408
-257.47438627161471913
-258.35370005513357228
-258.02891484419825474
-255.08300120262020982
-258.89859507298064045
-258.92967757519619454
-254.653112840070321
-254.63739251633322169
-254.89805850697052847
-255.2893352027574565
-255.83048564794026447
-257.05883761612631133
-256.54489611005686811
-257.74099460258491945
-259.76553810217615137
-258.19177082790497479
-261.68135673833938881
-261.72424331042009271
-261.42911975035661953
-261.87954358623449025
-260.23162162298035582
-259.54493250632594936
-259.38012045089914182
-260.80466583233516076
-258.73760703264855465
-259.57392892972279697
-263.04693932276848045
-262.62983555349165954
-263.09314932568287304
-263.83307681525093358
-262.25867652463682589
-264.31614406298882614
-265.84924797658675288
-267.78459432646724281
-268.61532781605825448
-269.94834939408428909
-269.25518721348686313
-270.26309244694135714
-270.23225000225119175
-268.78275956106870126
-266.5358919382161389
-267.97096160643053508
-268.91780541659807113
-269.94108021780090212
-269.10371504940286513
-272.97782950253105128
-274.10026393815473966
-274.53640860672408053
-275.32980436376311673
-276.98038862970770424
-278.25698590069424654
-279.11659989316143538
-278.24181672572143498
-277.26839999807066306
-277.89073754380825676
-277.9601654185645998
-277.0263930015025835
-277.39056507953216624
-277.78836935678202735
-279.23928947056600691
-280.3336928530620753
-282.68464651698013768
-282.45958125993251997
-283.62684462538112484
-283.93088532074369823
-282.73046245737253912
-282.94670113098931097
-283.45791077319290707
-286.34791314769131532
-286.89784594787818151
-286.48337267155841346
-288.86712607544404818
-289.2104182121867666
-289.93343050832839936
-289.95931195295366933
-291.09849710212893115
-293.91366525440548685
-295.51646984191108913
-295.75446691281166522
-297.70651689948050489
-299.27508931801418157
-302.23244522725804018
-301.95247061412328549
-302.33137986253342433
-304.88624978660163833
-304.37478411160969927
-306.38456317923879624
-306.3128524644428694
-305.93489654960842472
-305.68325703535464299
-306.35842774966039315
-306.82604653420401064
-308.11476383559636361
-306.43804169863034303
-306.06447722218894114
-306.80353598819573335
-308.03594540313622474
-309.43032185670421086
-309.47484921222394405
-311.0760059993576192
-310.23104038497990587
-311.43579768833944854
-313.53844275928673824
-314.95081602436755475
-315.22650906202795795
-316.17469396059715336
-316.03619298465940801
-317.64057541995350675
-319.57719228753813923
-319.37167192204719868
-318.86672998487364339
-321.09329701533687285
-319.90095315317375935
-321.1449560053673622
-320.16368670834413024
-322.39801355219054813
-322.3774928321146831
-323.67514748289107729
-323.70799043476949919
-324.4428008675424735
-325.96281118577616098
-326.30981160540596875
-324.86356571752804712
-329.37531528175509266
-328.4421846053412537
-329.83423891827533225
-331.08435526095649948
-330.34204884443846595
-333.4475721031175226
-333.22104841396475194
-335.86504487359849236
-336.47569898810775157
-335.95479125569977441
-331.12437871233157693
-331.33131401618294376
-330.06168053195580114
-330.30807963542764583
-331.10590914108331617
-332.31410741990328006
-331.84805074745162301
-332.69739706649505706
-329.39852778667290067
-329.3125548711810211
-327.37965540276320553
-330.47354519076441193
-330.2706924382121656
-329.76868913189292698
-332.00244374498555544
-332.61542251509246171
-332.12328434951649569
-330.79377175969119662
-330.17943254082939575
-330.26841119955429349
-330.8017435762916989
-331.66312886701587104
-330.90296182186733631
-330.40219295819218814
-331.26353035925268387
-330.43071449547409202
-329.56098215772118465
-330.29054803449463407
-330.92134433948604055
-331.21082914452779278
-332.63077545853178663
-333.70089684767225435
-332.85183646098636245
-332.60807659525801228
-331.68317394710720691
-332.58863277325576746
-336.99520020249894969
-337.45143253078543921
-338.10125297922894561
-339.63168831429146621
-340.85269125386201949
-340.72652415775849022
-341.84631544325833374
-341.74334455623437634
-342.172784817196316
-342.42751331045985808
-341.24477389727599075
-343.86165266313406619
-343.76056667310137982
-343.76644669004292609
-342.80165577515259656
-342.64155466863854826
-343.98246740177563652
-344.04849137544198356
-345.18588073559180884
-346.75585542492132163
-350.66050957474664074
-349.95621159412718271
-351.81958791001545706
-352.36409389195932818
-353.95796468647671418
-356.44757150611246743
-358.1299558540227963
-361.6377951575606744
-363.13776514577750731
-362.89741473778849468
-362.68558619013236921
-362.56576303136102979
-360.8375008437628253
-360.82614072159350371
-361.40797776340974679
-363.08432319982057379
-363.18741440558824252
-363.9334762959949785
-363.62300620853318378
-364.97821563028310266
-367.12267617493245098
-367.29091185636553973
-367.77041270280903973
-369.74291844497702186
-368.9631045623361274
-371.53969957719283457
-370.83680149866739839
-371.33663413792447727
-370.75179556636180678
-370.41052139974516422
-373.69005557048660648
-372.25672324331725349
-375.41669900269261007
-376.03978462718993114
-376.88608268745383612
-377.95899309106260944
-378.34495402741879388
-379.66464327036237592
-378.65244568469739761
-380.30347413516062716
-379.38863195376490012
-379.21330420145756079
-380.50805366371412219
-381.82582094218071234
-383.87802364063247751
-382.84686737824256397
-383.28460575729400261
-384.33426781653201942
-385.94721383002172388
-387.1250582310544246
-388.8060060713245889
-391.25872426547181249
-392.30531661467301774
-392.92132423293031707
-392.23580238612834137
-393.68672249991232093
-394.63361596587463964
-394.79778368241852604
-394.67201817516649953
-394.88595037752747885
-396.14504376498661031
-399.28648109949364198
-399.10804919311800631
-399.82910740517479553
-399.27572490611942158
-399.59964782950044082
-400.73866965650643124
-404.05456183206985088
-407.70913630604451328
-411.27108777576336252
-411.61009769314148343
-412.85145393750929088
-416.4680769713885411
-419.47397789440736915
-421.63473804557406766
-421.82345615010149231
-420.71907553907789179
-423.11231077840102444
-424.39625251416379115
-425.179408954218502
-424.55962240926282902
-422.98057193457725589
-424.86588320785853057
-425.39458382247232748
-426.4069860203431972
-427.54377715270430826
-427.98231259212269606
-429.82469307697147087
-429.16228999813876044
-430.56459876876533599
-433.56031004251883587
-435.49765346264308619
-436.16755003662319723
-436.60197578672398322
-435.0980450497705192
-436.49783150473615478
-435.7031297306380111
-438.58196069772111514
-438.91290860749080593
-440.28495141895581355
-440.40999409177499047
-441.98053005051730224
-441.64653958751182472
-441.41328777691705909
-441.56574237651057047
-442.73693211931589531
-441.54772068622190773
-441.03834546637034464
-440.15676319143960882
-439.70617109902661923
-437.23758550179201166
-437.50203597389742072
-438.06211143350964221
-437.92851307644991721
-440.81092269899892244
-439.63995437632871699
-440.80545075224011953
-441.68756425853786141
-442.37807259865564902
-443.79260602863422491
-443.18790976898486633
-443.41795899605841669
-444.27537260480409032
-446.90270397126005264
-447.71280015455414514
-448.58845023201189406
-449.97987749622251386
-449.32668288273026747
-450.21789379923291108
-451.49179595027294454
-451.36607060134849689
-450.46879167664832266
-450.84658181167606017
-452.5343467398893722
-457.5272792775679136
-458.45833786217377792
-458.85755685378501312
-458.01933777922164381
-460.89183480924231162
-460.53175398164461285
-462.923034782981631
-465.03727949970681266
-467.95406512681353206
-467.8821942057720662
-470.62085937367527322
