3.9284785537101205577
14.247448549663403128
20.009434730153451198
27.162308241650915619
33.647199900899380509
41.155887021708764451
46.584729578750966539
52.461136524599609743
58.311356273217086255
64.174230588795637686
71.30058311023594797
78.013202959085845123
84.202533833420815768
89.483849783954283907
94.637688670977468064
100.88288208463492879
106.94114664489309519
111.76231064996079567
116.5401442052135792
123.85670839315578462
130.28289240490261136
137.5198223465413605
144.45809882283086267
149.92012562120842745
154.37961273182565947
159.24038295203729376
163.15970614157993168
168.6207830728163799
174.66243005301450353
179.4307605987366685
183.88998237956093362
189.2220100857127818
194.43981540131514407
198.99065714423673512
204.51794703904147354
207.45761731700062569
211.0708712180730231
214.96452987214945551
218.69329239170104984
221.72042625015734529
226.7045837680930731
229.64488309880704264
234.68380530945213991
238.9052580119532081
242.43900967537544489
246.10655835046324569
248.93402217294419643
252.33349321595574111
255.21008341608251158
258.79177962121838164
262.62937189823327344
267.19994094011894958
270.2605652864991157
272.44812727919338613
275.5576049210092151
279.1448581979028063
281.64911930404468876
284.90293548833574278
286.8799635962959087
289.00612451448381535
292.12540309383524573
294.94683432193653516
298.50990419036833146
300.73567516350749429
303.67327208914724679
306.34700872629952073
310.25264474710729701
312.90530882856995731
315.92239317010501054
317.94754820961031783
321.21742995040216329
323.520839221231995
325.84322342780177451
327.74279474930591505
330.22675927469629187
332.10336702894767313
334.70087461852153865
337.06005281607792767
338.55650676801718646
340.24706074996987581
342.57537472009897783
344.80836295776651923
346.22897916444640032
347.90003094176307741
350.23437824947757235
351.40492594500739187
353.20089055972226788
355.47368874339053946
356.83100393803601946
358.22246254906451668
359.22084789520476988
360.92999016816497715
362.98057797641558864
364.86542609879211341
366.29240399364073255
367.37449773539532316
368.87552742145476259
370.88671781541086148
372.5005228828723034
374.10403012535982725
375.46777707267926871
376.86208444276832097
378.60424272519173883
380.03074663578092895
381.44905446281825334
383.02659559221433483
384.59636687237349406
385.6472632961756517
387.00644087368686996
388.33831216590868962
390.09700602662434221
391.47377759836695077
392.88791690411568425
394.26168956564521295
395.24635015660362569
396.38216820234703164
397.62660869277920028
398.74021592915562451
399.36495672833160597
400.48856823929793336
401.81968318454352129
403.23435648779496887
404.28798988206801823
404.95945881594434468
406.05975714873164861
406.93296622019960296
407.85236702588809976
409.26033346782992339
410.38872532530240278
411.22970734318147379
412.35524797560219668
413.40460285979810351
414.5238228285602986
415.95450767277151272
416.92881898897121573
418.47009401468216083
419.07329806554059815
419.86716018335539502
421.03416391948547925
422.30296824819589574
423.52139745003796634
424.08419243975157542
424.8247144730570426
425.98406674853748655
426.84084452415834221
427.58690641456507819
428.32634007062529236
428.66562165235535531
429.49995304342320424
430.14412975178129273
430.60858267407564881
431.49637317905848022
432.18007767338008307
433.03080169274346645
433.85499152171513515
434.60272667373214972
435.97762872970542958
437.11607359503051384
437.81383382774203028
438.35436081549198661
439.23106123191939787
439.43991309596077599
439.53654421750076153
439.99630742131921579
440.60959772946779367
441.43658723228298868
442.03157608641100751
442.95193386526744916
443.61941092192961378
444.66618524625471309
445.31993072191028205
446.45754854487489638
447.10240747074334422
448.73525976552429029
449.18828807519821567
450.19821577635258336
450.78135316732959836
451.16163883228574605
451.96762255378092732
452.65594660519093395
453.1356295330263606
454.10977497123411695
454.42352772310169939
455.27250233646930155
455.46801071691635343
456.08202074443676111
456.29889885687356355
456.91034229729740446
456.85964344050239561
456.68254602143940701
457.01186637824480385
457.37476116814008265
458.03766770905912153
458.35957909175220948
458.78835781021228968
459.60663729273420586
460.15811343741984274
460.51871067192922737
460.79619350823810464
461.47945392623319094
461.8122847498686383
462.73074368950750568
463.4615947310465458
464.00430211850942896
464.97464080477840298
465.17401461446286248
465.22218792849116653
465.74408817484692236
465.71469005775475125
465.89951843480503157
466.10071439659935777
466.35370722354184636
466.63607655034383015
466.66146191348525463
466.83847870392423829
467.01080791805969739
467.40005734058530606
467.48477196760978813
467.95761312748254568
468.16291116419063201
468.92179797688379495
469.40533185214917467
469.61914672293113426
469.89805274379943967
470.32115770266619847
470.44963011632171401
470.86464607673292448
470.94019799434062179
471.00408371399515772
471.42323858398503944
471.73102148345850537
472.26383894472189695
472.71625281616820757
473.03910010049372659
473.2347175168468425
473.76989986856364112
473.67174113001283331
474.12486624241398658
474.63024702768393581
474.96279414356359894
475.19431884450187908
475.47808375825826488
475.55369576159625922
475.68862811272680347
475.65818176101402059
476.21608391334746102
476.29758499714876052
476.6129612578065462
476.64437584107656676
477.08622684736008068
477.11006397600129958
477.06955043551261042
477.32298628868647938
477.54059697709880083
477.67769531541443939
477.80044119666632696
477.91192451783297201
478.47278233768139444
478.8505185953767409
478.85561060637911623
479.13768616025072333
479.1981685911968043
479.65667586369272613
480.17019893164558653
480.38751010684023868
480.6015475042778462
480.81577911111071444
481.45441926110811437
481.9281229735839247
482.22528661740176403
482.06192024991651124
482.24316679247260709
482.27199678918924519
482.14483772501137082
482.16624254222091395
482.6463658852228491
482.7265167662074532
482.83279268175795096
483.32107624317455929
483.40880847240055118
483.12425995098965359
483.56224582359737951
483.88333225104076973
484.32870709245634089
484.78287612350078462
485.38468920031863263
485.72747883911847566
485.82004888689846211
486.00094456920459152
486.25987357701751534
486.0992611977825959
486.5406713900995328
487.16735455494790585
487.30454532654044897
487.43060800856648029
487.52921984180386517
487.77609003724165859
487.80031122131714483
488.16823005614844533
488.31061009780114546
488.11947835732718204
488.06274314354936905
488.53631999921134366
489.13254861613438607
489.47731966411220128
489.96936439392476359
489.84773466836884381
490.21882742273572831
490.87524416252853143
490.96549336871822788
490.53162927438461338
490.5589629760793855
490.82889004335362415
490.81784193097655589
491.03036220563672032
491.08903102817060926
491.54825051333375541
491.89601760523999019
492.33802395603322566
492.28713697795575399
492.32852688578230982
492.84960144565098972
492.84886144561721721
492.8660818711543925
492.87973808338176696
493.09411939603700148
493.01276255107200086
492.97402970944102663
493.50668841902131589
493.32724042215556892
493.40610527282512976
493.51358461852328219
493.48390644035106334
493.48493844044264733
493.54433990095202489
493.37537103357908563
493.28007498104273054
493.85972990292583518
493.90418122083264052
494.01458923979214433
494.12196428514590707
494.41621312657133558
494.4009328292651162
494.87967155915106332
494.97079455940888693
495.27244937370232947
495.43594459779973249
495.79083919241503509
496.275920366399248
496.30731094375204293
496.2429367221794223
496.57625275795982134
496.87002749956138814
497.03072844785111783
496.83589041087697069
496.64825382448367463
497.03747001961244223
496.98328876892657036
496.77320751762994178
497.18105652836362651
497.34190240919076587
497.47294159686424564
497.60127343267777178
497.39098592002301302
497.47247498388895792
496.96373521688798292
496.72144483681654492
496.85154402949677888
496.69684424282098689
496.86825873485275906
496.59304263086869469
496.7388443725536149
496.95807422000393672
496.95773022000054198
496.52814758969429931
496.90009310608104443
497.20367947679540066
497.47897302943056275
497.68604175238300513
497.68053373845776832
497.65724868643087575
497.7648804721446254
497.63109729169127604
497.63923333657157855
497.8041339912613239
497.76820212579423242
497.72510745759251449
497.72877946171848862
498.04226576779342395
498.19092292809926903
498.53449516428833022
498.454484507876316
498.76177596811885451
498.8240400758804185
498.86768300180278857
498.88212325272201042
498.79410647488572295
498.87744267169381374
498.74533085498848095
498.95614010745345013
498.9546281071653766
498.98798720040196031
499.09328037173469284
498.85725067380883502
499.07733474284810882
499.23949717161224271
499.06192806358592406
498.98092780545022151
499.19159954232549126
499.37877611316508819
499.4779252576385602
499.52641875859336551
499.52163474946917177
499.83127726159665372
499.73193163407455586
499.91027483850501767
499.81429322066890109
500.18617249832698235
500.30817962054436521
500.32516402882379225
500.15188777990761082
500.05458307745675484
500.04957906701503134
499.8760972811799661
499.94867312068197407
500.23296859264576142
500.25448542275171349
500.0481686744091121
500.104715737360209
499.93566226869774027
499.74526517151514327
499.7020424436985877
499.50573040099970967
499.65273858453861067
499.62700516455765865
499.40187104247888783
499.90524544493013082
499.96044345552996901
500.13558579168216056
499.92814510274752138
499.8379480024524355
499.70949968794553797
500.23719320084308038
500.27251687334569397
500.2642128256273395
500.30577480743556862
500.30648280746515866
500.82535068443377213
500.64782995566849877
500.75828612111973825
500.80314964447353532
500.73777837460301043
500.47688862244046959
500.62635827949429768
500.84657190570396779
501.32312665658747619
501.98700916467737443
502.20042754648471828
502.19343951804791004
501.92689660135170016
501.69025037377321041
501.67033371543215026
501.58159152288851601
501.89334415089558661
501.97321057713890013
501.60712821878121304
501.24277837188503781
500.8350752620900721
500.88065114949165491
500.6604375232819848
500.22476666863292394
500.25844185062697989
500.37767892094194622
500.35309368267076024
500.48253009289607007
500.45190770015670978
500.60893355701972496
500.46561675273818537
500.55310852111750819
500.87378045971519214
500.87076045741986263
500.84334273998609888
500.94185032045453454
501.14755663754164061
501.0495823417295469
500.8426753386636392
501.00576789033993919
500.94185414209346163
500.85862212573198349
500.74282891871638412
500.798074965919227
500.95079912853810811
500.96348329859642945
500.99739454797406779
501.02042756620966202
501.16948694649011031
501.18800747586584521
501.05499169939059811
501.0454916279417148
501.12124783758923741
500.84636190023445579
500.82824540475337471
500.58827644448132332
500.72375930394326815
500.84280369211512607
501.02180814608618675
500.94811080817822813
501.02246103966172086
500.99801182182881121
500.96084354348090528
501.03114848769416767
500.87394956722084771
500.94490331991357834
500.74431343220578583
500.89893676349112184
500.89868476348976856
500.85739089668868473
501.02845080205656814
500.86119800246075329
501.03705380421348536
501.01812923943140277
501.10461109977683236
501.28309542126726228
501.35253531049261255
501.70896133132606565
501.90222463637138617
502.09567366656551712
502.12702023309356036
502.25538420087355007
502.20972026767810803
502.25094610553469465
502.23757390627497443
502.27005676212598928
502.45642633581348946
502.27694204829600721
502.47723295298595758
502.69325714117184134
502.67112423770407759
502.88374564628350072
502.57133730830810237
502.64706547777825563
502.54209319149225621
502.37420797310448961
502.32036697044185303
502.44817265470345546
502.31693260591680428
502.14685178762812257
502.00387672803793748
502.17101674307878056
502.31617509247058706
502.357020770329882
502.31427826425039029
502.44082687917352814
502.44334688050713567
502.31885434313232963
502.24981893828083912
502.1766062535411379
502.45068925514459579
502.38734408201253245
502.20293929388463994
502.54821712984437454
502.58783831226759276
501.99673611912936622
501.74160109157020315
501.66155437748608392
501.51902558371205032
501.96054492603070685
501.91515313380949692
501.79348326008425829
501.77659085840394937
501.72546772680345839
501.84485733871611046
502.09112242961828088
501.8779912895863049
501.82954981917572468
501.8490304352177418
501.90113021693503015
501.935765678955363
501.97643128205822904
501.76898250674787505
501.81596314607014619
501.65922706488299809
501.87712108555768964
501.84475025915128299
501.58988354657793707
501.57951545370036683
501.83235383693858012
501.9196412155859548
501.94969147670946086
502.33212954285352225
502.16862223837932788
502.11836366193671211
501.99646092689698662
501.75537192170799017
501.41630437959400979
501.2749896788916999
501.21198484511518245
501.05266469759033043
501.28056196295347036
501.16648240308313689
501.52551403806847929
502.0084800064942101
501.9103854221285701
501.90324539179545127
501.59087393927279663
501.69169124591223863
501.66842619659411184
501.76658493514491965
501.54896210409987134
501.67785625889331413
501.7807549550284989
501.94157265439696403
501.66220985012336087
502.16721995475029416
502.07770823601339316
502.23894061185245619
502.24577663847367148
502.08338067895124368
501.87740351298077712
501.73176664343634457
501.68162013757682871
501.83759961320572529
502.07970328172871177
501.8639542751491831
501.90149868469012517
501.82096318368820675
501.98009816248958259
502.24119947697613497
502.13659219086770236
502.11805566011867086
502.08060328292253871
502.16123093335329486
502.30318080879595755
502.3705102323705205
502.16721292786394315
502.16302892176020123
502.0657643140270352
502.21419221432000768
502.20448013798022657
502.19373203451146992
502.02665243933165584
501.95301117743838404
502.05064465952528963
501.93955455331683879
501.86263665288566926
501.76633830429744876
501.80200608516770444
501.61959799469997279
501.52501955672482836
501.58922160051866967
501.68281385926218263
501.60591198250318712
501.70672126879878761
501.60146820839275961
501.7227446342765802
501.99921224603019709
501.79917183375573586
501.8114479879254759
501.65314220962426361
501.78315302966501577
501.94267042513251909
501.91342834156989738
502.06696525015297539
502.00820835175892398
502.00644435130152488
502.09660537835657124
501.9583415340550232
501.68551370795165667
501.92491052921536721
501.83949062780203576
501.60910903557055462
501.88410095071378692
502.09855914026172741
502.08335084713854712
501.73479224543785904
501.89739758112074242
501.98304189246562146
501.89903652583552685
501.81758752837833981
501.41134319284930143
501.36090049976331784
501.38835422397198727
501.39834630710674901
501.21330007788878902
500.82798247986949036
500.65584669313113864
500.75813578798073422
500.55786508452405315
500.31528651098551563
500.37765071585488386
500.52520183301902534
500.45175683626638374
500.49146205173053659
500.62907480876606314
500.60705391894583727
500.63783634939380818
500.87159906149577182
500.71769197462555212
500.70489179985861483
500.91196860887617959
501.02217200667126917
501.0403125041242447
501.2334990975779192
501.36039711148805509
501.37739752092244316
501.7612876040305423
501.87767480787806562
501.93622352733274283
501.67891725078663967
501.69467357675301855
501.6166900798685333
501.89155971308429116
501.77047599292484392
501.49889090613703502
501.60177355988889758
501.49849786393247086
501.52063076740023462
501.46474422604671872
501.53849363464343014
501.43699458690741722
501.47667979449198583
501.46491965895751264
501.40641497719269637
501.26166275373640246
501.20223326850839385
501.19352521348099572
501.23996555819400101
501.36552224324776716
501.26543477466532295
501.07518298546608548
500.96351910352785808
501.2114412320648853
501.33107973061623852
501.25113317660401435
501.66207212635322321
501.50015932903801286
501.25637104526498433
501.23547028443772433
501.02132364471026449
500.93105840591300648
501.4013213929214885
501.22350232207656973
501.43340562597541066
501.40521175852882152
501.2009323273124437
501.02502815339659037
500.88136959606885057
500.57354983716720653
500.49520579013994848
500.24296483195178098
500.22522836700176185
500.15906824476388692
499.93076170149612381
499.93312970260268457
499.9596992655391432
500.04476251987460955
499.99400362446999679
499.94346887274201663
500.11912715695774523
500.00745926253728157
500.13912916299364042
500.29642467813130224
500.22128133988007903
500.21886933871070369
500.04410991772584794
500.11685397906319395
500.39926410861812656
500.45773676300774468
499.97064536956747816
499.84903973286617429
499.92268099475944609
499.82578124537155873
499.87897778677285032
499.84327399444009643
499.88456786124118025
500.01951628531793403
499.57363301479512074
499.52157326020699202
499.49066680026390941
499.55437233671148078
499.7114746632523179
499.80981383653136163
499.88832614203226967
499.72525372363048746
499.66604443199287289
499.60439691555779973
499.66377435489829395
499.82691522656790539
499.91526865806389424
500.1532778997046762
500.02245965620710422
500.11715836307666905
500.04564790479429348
499.90401562028716853
499.71190292972289626
499.33165458195202291
499.2615618990234907
499.15390604371947347
499.19371129870080495
499.22911899747157349
499.41941518611986339
499.29974055855541337
499.15407956150414748
499.19913518189986235
499.04975401697572579
499.07069478217994174
498.95689613204200441
498.98252953553111411
499.04696782349731166
499.10466782650803452
499.26247450061282507
499.31542286733832725
499.33375138041924401
499.46094257415967377
499.48491572223133517
499.55309812404686909
499.51982705523022332
499.47536373139308807
499.33873960678943149
499.3647130668769023
499.44937960777997432
499.60936396991053243
499.73500498667652892
499.66861260957773538
499.93294097238606355
499.74315738418624733
499.97830698225050128
499.86124548686831304
499.87204159172955542
499.62570746432390933
499.65593376541647785
499.8140020642709942
499.85606026287570103
499.9486784136132087
499.67763517734539391
499.62217296463978755
499.87521049953039665
499.92599341040443051
499.93429345805384401
499.73502872458595903
499.86779540452369019
499.73874861678501702
499.57080297446873374
499.34671797384720549
499.55291344141141963
499.58258761870291664
499.64441130288787463
499.61597738733718188
499.41029128255172509
499.59871478357428032
499.40997246469720494
499.55842851951877037
499.63557475835204968
499.66606512027715326
499.53197255642669461
499.73954667142515973
499.62800316353650487
499.56509042095774475
499.52834628739861955
499.66028535349363437
499.49284726268166423
499.46521350433113184
499.48529017866746926
499.43936210702736389
499.46555960522260875
499.78011996032012121
499.7215071859424711
499.9725574915978541
499.94601593359806202
499.9115325169677817
499.92730484392825474
500.12403287732018953
499.98874289901823431
500.08841733919558692
499.97147625496114642
500.0638418663648963
500.04978163473873565
499.95544774140864774
499.86035214232703083
499.91854455846072369
499.96093490506797252
499.95642289741329023
499.78270735926713542
499.71273081863733978
499.61052995397699306
499.52086593004850101
499.5225139304214963
499.29979381915217118
499.71803791011564044
499.82648406764735682
499.64987444299845265
499.79484380160897672
499.41700807764590309
499.41110006046119452
499.29122070034850367
499.11485294945146052
499.48046801384077753
499.48393201730459623
499.5422965795241339
499.52639224428531861
499.77486273179408727
499.67819552611905465
499.6838595412613131
499.37746895737029718
499.15591916526608429
499.19943002851329084
499.0393490504188776
499.2993600673223682
499.61512586733556418
499.71059030225217157
499.65270214221027345
499.53474155007063473
499.28969465449148402
499.33578681294113721
499.40115007426288685
499.42069069601507181
499.20649550375026138
499.43830803235721305
499.62292259579191978
499.38462530817639617
499.68687753560959663
499.77858174840037009
499.8285201240117317
499.82072808458690361
499.56899510566859135
499.52367134842796759
499.44108043259194574
499.35509549490927839
499.39883046473931927
499.35909323665129023
499.29993599056155062
499.34311869971048736
499.47799881388601762
499.45853819973956433
499.33958212347874905
499.23970317515505712
499.3124752735649281
499.30408322431338775
499.40873061999053562
499.7398758383853874
499.77449929680778951
499.74128424346400834
499.88313763482938157
500.07603757419082058
500.31107361759268315
500.47043401954840647
500.57646123581668007
500.54565479967851616
500.43318840338076825
500.57782803957996975
500.60735418445074174
500.72559174007989213
500.77852409559204716
500.86612807871813402
500.89118939032255184
500.86323957094913339
500.80182027040495996
500.73230829426034916
500.84501143919311517
501.02162509511481403
500.93095102090114779
500.94568728756968312
501.06955341624751554
501.15736980736835449
501.14955376757814065
500.96718197733616762
500.8287895197479429
500.72398569594895434
500.63638171282286748
500.97742118073028905
501.14141171004791886
501.24750310646220441
501.18087446827172471
501.12026792365622896
501.28522496003137121
501.62761510236407503
501.76280864102852775
501.72345556308789583
501.5879365381284174
501.48018440415148689
501.42060678787987626
501.47317889288115111
501.44569716339083243
501.22411902624440927
501.26704561673767557
501.47579638686357839
501.54653386841124529
501.47267230722223985
501.60505731495806003
501.81967330642180514
501.50549421830362462
501.38475977154882912
501.30553836453310623
501.42358324942983927
501.54984271240522276
501.46218662938792932
501.23812998169347566
501.30492280241492153
501.33095227196804444
501.28986649340288295
501.23405200821105154
501.37199834334728621
501.13731106555184169
500.86975021344551351
500.78897832843915694
501.07242492631775121
501.29729574379251744
500.98781299893778396
501.06014451807766363
501.09379569327182935
501.00143409040521192
500.87649983993259184
500.76398127895203061
500.57157388169866863
500.234728604905456
500.44641962222067377
500.508783827090042
500.40730082059110373
500.48441100585898766
500.27097644115553976
500.1583294741502641
500.28278185639101139
500.28574585856097201
500.10576558697920291
499.99871146210472261
500.03077420858363666
500.04689455766833817
499.76652835954718057
499.80023955175926176
499.85630623415187301
499.9454612421553179
499.87272519140486793
499.90628834174896156
499.95306086678459678
499.92139422083596401
500.21216164220663813
500.27307246747199088
500.1340931972455337
500.203440975669821
500.06204587467749434
500.14120318130551368
499.83065934439281364
499.82634733771158153
499.72107823294504669
499.78076394525538717
499.86225300912133207
499.97300608076665185
499.96032191070833051
500.07520810784023979
500.08876031525556982
499.73922454454140052
499.55630017121200126
499.58122546157665056
499.52691611670599059
499.58760673858847667
499.64016283253528172
499.42864574779497389
499.24296207410299075
499.06142918907602279
499.19708082161707807
499.31927263046787857
499.3714924938230979
499.36867649196221919
499.4674166370350008
499.32585269394820671
499.36909543111158882
499.360931385766321
499.35309534566988532
499.4382988538278596
499.43283884026351416
499.31071528541082216
499.52062263353190019
499.46017223184423983
499.32947851911319503
499.45450111366466217
499.43694466272802401
499.46030572509073409
499.51901057863079814
499.50565037990708106
499.62732025363231969
499.42243452237897827
499.56283671168375804
499.57812500945721013
499.5590764334995697
499.60049835504372595
499.45341778160616286
499.67025946912764311
499.74587547818583744
499.50519230372191259
499.50653230392242676
499.40284350399662117
499.48778654143541189
499.41617996020562487
499.56049792356736816
499.60312437680181574
499.79376769486526655
499.6040729010655923
499.74259799230270573
499.61821387355990964
499.73775602845768162
499.63958125132904797
499.44531256820653198
499.56784163628248052
499.78179002242461593
499.85655683231067314
499.82286164464261446
499.78221604980529946
499.66772715627274692
499.89356616279570744
500.17267610125202282
500.19817348251780231
500.18550531310222595
500.17606524299861803
500.4587324352687574
500.61678060895098952
500.7710216700448882
500.59627434090964471
500.66150546147849809
500.70140275299155519
500.66298602892891267
500.69793358537441463
500.66558276420460061
500.74367442559889696
500.78669706042262533
500.82353722647332006
500.80642080859996668
500.72158997304455852
500.64455590069474056
500.64925590934666388
500.71362612677404513
500.69713375295930291
500.65386300269585718
500.53037029841703998
500.65809967209020215
500.78027943609714612
500.98782120521411798
500.84374449158826792
501.05796800628269239
501.028037772143648
500.82185443257412771
500.79718118095706814
501.06081355815484812
500.88338958729019623
500.97424002421547584
500.96527596419082329
500.93761019972384929
501.03107016960137798
501.16252715135976814
501.20793495182692823
501.14299614059962096
501.33204517935018885
501.49609611311535673
501.57250126092060327
501.65050478823548019
501.74770524458273258
501.52196346681802197
501.65362131519304967
501.34849175105449604
501.277381801503509
501.34308542800050645
501.47644271449217968
501.59857429921225958
501.52643903584919371
501.41217888877730502
501.27977781082734055
501.2095569703311071
501.3687483045425779
501.15702492732663131
501.19322487995378879
501.12490231503079485
501.0145344180500615
501.16805523216333995
501.07589004670700206
500.89474836010288072
500.88824833721730556
500.74735975044586667
500.87832261158865776
500.97384317426576672
500.98214722198412119
500.94123351571130343
501.01374527097470946
501.06875513882545192
500.99943939887174338
500.9827990149022412
501.05863934526047387
501.08877762631016139
500.98676926250175256
500.99041326653406259
500.67344179403033877
500.48061856357838906
500.46377416531265681
500.50821747926767102
500.43506487489935353
500.36312186074678721
500.40841360156224482
500.47889476389366337
500.50215581267059406
500.45142093272079364
500.66891424317384462
500.83979685923401348
500.68882274631295104
500.77139362803154654
500.79022618461613092
500.55022881926214495
500.65536154739555741
500.68787641169672042
500.44441695930959213
500.17419660836964113
500.14287404773318713
499.86165526256070279
499.85954726178010787
500.16308861102515948
500.03034201933854774
500.21840635725232005
500.17760469772787246
500.10979472606283025
500.26381447797780311
500.28222699814591579
500.51080505310022772
500.40682747622042825
500.31808127579608936
500.25334267484549855
500.27935614168995926
500.288136198093639
500.34310203267568795
500.47187167222966764
500.59241743411467951
500.48418791100601766
500.55649539875156506
500.56124340767132708
500.71284107491891291
500.51968678091321863
500.59528676709425099
500.63027433576831982
500.5919976631784607
500.73734098477689258
500.89446745973225461
500.86364101884544198
500.9402144124961751
500.89016396688583654
500.86245819475334429
500.82188462960459674
500.83343275794038618
500.86217873725212257
500.96403069550893861
500.98273924117086153
500.93864809968857799
500.88571174137376829
500.89270776990832701
500.86148923469801275
500.62913751021488906
500.76625996150289666
500.51969435449893808
500.47405843589342567
500.41796773462698411
500.39269438945069624
500.41623147600842003
500.45029476928544909
500.72564946617205806
500.884148451376916
501.05471678842820893
500.7024259121166665
500.66664209422879139
500.59035712136557095
500.4570480485230064
500.47386044452309761
500.32162712387804504
500.42719706291302373
500.33997781377115643
500.16368665515580005
500.00393577852935323
499.88743218101086541
499.83901872702000446
499.76349484937315992
499.72990369113637144
499.7849575923090697
500.01268061641337681
499.8190135568002006
499.55610965794403455
499.56252167991260649
499.72477268878947143
499.7992190531768415
499.82071988143218277
499.89919212529110837
500.03715855573818772
499.90618364306322974
499.79165461826431738
499.853298130897997
499.78670152821854344
499.83850110748204543
499.86217821354608759
499.89285261849767039
500.13713214396290141
500.07709811981982284
500.12507532057583148
499.72685499171348056
499.46989843259041209
499.50062885073992902
499.32237434755484173
499.38522302684901888
499.26273812406719799
499.31632294204018763
499.29443006764796564
499.23217396764158593
498.97468875985231307
498.95229582416641279
499.07952717995232206
499.07278715443698047
498.8667210513708028
498.68492601532096842
498.73340750922130837
498.49289883590296313
498.55013045243384795
498.43816563183401058
498.36916626987016343
498.55234476009411537
498.72382775306056146
498.87803662349426759
499.16911452269653182
499.17131852358869537
499.17561853021430807
499.27870973598197679
499.42975223729996515
499.30712279311154589
499.33000379131925683
499.35083654474408377
499.44470941894400084
499.27142510982525891
499.21630315704993563
499.28293179524041534
499.42615612660534907
499.57873544870193427
499.42102537314190158
499.36440625254579118
499.3774704383512244
499.04620189882206205
499.00976986969283189
498.807131303221297
498.86143264219236926
498.90804908217785396
498.66997898657285759
498.75461747728365935
498.66729402999254717
498.62355505824928059
498.69582249371728722
498.76891101250163274
498.47938944786795901
498.39228641918049334
498.53203340504171592
498.72080800980415916
498.86244029431128411
498.91653348050294881
499.08220336506315107
498.99942813456925705
499.10482158358894367
498.95483302909940448
499.09277534517678987
499.24321040893926238
499.32937167280078938
499.242216545361714
499.31468824805159556
499.38774071876088101
499.5005080672568738
499.49618806053837261
499.55983754019922571
499.74903994221057246
499.90285850722955274
499.68172578193343725
499.86262952986766095
499.98245268863900037
499.9937768096505124
500.11652269090239997
500.03952467196216958
500.17650244601264831
500.2588249060500516
500.0416189629235646
500.10301023706517753
500.02364460358211318
499.96869878410461752
500.10750522347387914
500.17267628025240356
500.19257293661200947
500.32924126692955724
500.07720756818946484
499.9422189616709602
499.98217627710005218
499.98167627708966165
499.87552872286852335
499.96473182637009813
499.91487750305213922
499.64712526371488366
499.4831226535316091
499.56856659876325466
499.48717770079667844
499.49589775605187469
499.42761523779944355
499.32516973390926296
499.51167649283644323
499.45805965187361153
499.36052640803853819
499.50866472230075033
499.70228736814175363
499.77702613889374561
499.57141279804750411
499.40127960267773233
499.46585002799838549
499.36939932619100091
499.25119388250271868
498.93905193472892279
499.02821896659725098
499.0890256955343034
499.07196128145812963
499.22972770608004112
499.24434396628663535
499.32634989269786274
499.29129430317095739
499.3936636076286959
499.19314644634175693
499.25404526047549325
499.23587276038517757
499.39186430915663095
499.29446337906438202
499.27195842926715841
499.41726556045608731
499.22797436817467087
499.29982926855012693
499.28586504163627069
499.01232407390011758
498.96750057065912642
499.01512557030076778
499.11714997577468012
499.15777156070407727
498.99223861068691122
498.91594963200117263
498.99099282921110898
498.85939925844178333
498.83973062439025625
498.86087141173118198
498.82217058209363358
498.95165117693113643
499.11296004799822867
498.95375261219464846
498.82559348456794623
498.9304253853448472
498.83500104159372768
499.03010155725138475
499.2352176923527054
499.27093348851144583
499.23094816189694711
499.10160815402389289
499.05740495796152345
499.2754285048570182
499.20430253506640383
499.13321261080204749
499.23271863406989723
498.9540573067027367
498.85123882235200199
498.93030799121225982
499.04746581612300815
498.86200807641495203
498.89646348472740556
499.04901464357459417
499.03646647892810506
499.21865273655396322
499.16969496013678054
499.2801471133755058
499.12090747432603166
498.94920285793796211
499.1435038439843197
499.17412223578600106
499.19334282748792475
499.25083065464571064
499.24136658400601618
499.23891058277149568
499.21958598141202401
499.46903142114496177
499.26311893618873228
499.25110279160884375
499.41755403824953419
499.25376082804746147
499.23262404115342861
499.12841383524448702
499.42066432256069675
499.72237642072815333
499.86552436188395632
499.90928334319858095
499.9705705194845109
499.99024715431011145
499.74530582712731075
499.92373773350294641
499.89716016915406271
499.61459906738235759
499.78361627827541724
499.8600374494479297
500.13939209662117946
500.43075188907835127
500.58618406081166086
500.39497562384633511
500.42937901674724799
500.34268876630648037
500.2573129451626528
500.16017263055812236
500.1705767244064873
500.25738319321726522
500.16680531625218009
499.90860434246673094
500.05045371367651796
500.14009368934779332
500.13875768914908804
499.9903539212624537
499.84978692145307377
499.78371489541962092
499.59096837331168217
499.54131817625960821
499.47553446328686277
499.42347871140935922
499.40523820568375868
499.6569589934968576
499.84945117092905775
499.76674405688527258
500.04336659334006754
500.01386045282561099
500.17645370901794877
499.88807568527681724
499.92410758311484642
499.91532752671116668
500.06402893062613657
499.77644310751270496
499.817108710615571
499.68232905160647306
499.83248253120410709
499.86861446159326761
499.8434811386504748
499.7214258375117879
499.51958335609373307
499.51547535031659208
499.41977838512730159
499.49307117723429883
499.5736507496595209
499.67805748918482323
499.5635886612508898
499.65432285895781206
499.71671509107329712
499.89586470260189799
499.99129305546614432
500.07509406285839759
499.92848803842707639
500.07123795312912762
499.80755673690896401
499.93212155377773342
500.00710066091869521
500.08727558048047968
500.00821442412933493
500.14292979218834034
500.25326559164989249
500.15209137642477799
499.99361251707676956
499.84538974086325425
499.71543114078031067
499.79534965004427249
499.77588903589781921
499.96964896128639566
499.7267984213389127
499.74641905075935711
499.55093490035631021
499.67835501912890095
499.63658894877727334
499.86769206022108847
499.81744148883058187
499.97818269598946017
500.02679226531802215
500.03275628299604705
499.95091863861210868
499.7313001504770682
499.67165447377720966
499.46286326621270746
499.47778354299589409
499.44456048744490317
499.18634731253303016
499.19207932822723706
499.24011656356032063
499.1247166675360063
499.14620549440519426
499.32171463499059882
499.6102886809943584
499.8166135147759519
499.71997437454473356
499.68020113223053613
499.79938601758021832
499.73071103959165384
499.9033263709828816
499.80773765296589772
499.95127559061614875
499.83427028720836915
499.50446499780593967
499.48480036414122196
499.39968902287517949
499.22946718883781614
499.28141486768600998
499.27647885766418767
499.32208676169761929
499.24968314824940308
499.33092780803764299
499.4400359198579622
499.52417752695362196
499.38924919405690162
499.19271098376339069
499.37506664061021411
499.34108337048706971
499.7444655784462384
499.70369993389357433
499.43592733392580385
499.49631367718961883
499.5692459879912235
499.53664310036623419
499.42697732367827257
499.546415106909933
499.50223592256662641
499.51665617244464102
499.38419884861070841
499.41598552475932138
499.45327784608116417
499.50510144145493996
499.37552042657489437
499.65792647584402175
499.82849481289531468
499.70993212043259746
499.37146137893813602
499.53616469978788928
499.75141192555491898
500.01507686206622338
499.7181299295585859
499.63434094324344414
499.76272097703150621
499.72184728748396765
499.60299557924804503
499.32955649311622892
499.27994632070078751
499.33587289331785541
499.31092359922183732
499.36678612183868609
499.24593123681080442
499.23687517491896415
498.94757824920321809
499.01503982272561188
498.75198941983683198
498.92808708445846833
498.85700517030477386
498.41397425392307241
498.375277425783338
498.10244552478098967
497.87513175149689459
497.54811635550549909
497.67082208595201109
497.49742090326560628
497.53271656703992676
497.27881327404810463
497.28991338801944266
497.05854678554004522
496.99952565819700112
496.87496084132823171
496.91517025799180374
497.04342578065001135
497.01251131879587319
496.98675789550111404
496.74421585408339297
496.61753872548837307
496.51028803747499296
496.36213363526275089
496.30796439338388382
496.17482406709507359
496.0557836931110387
496.08083300283203698
496.07341296878854564
495.81323109452415565
495.66717600886499895
495.77243308035986047
495.710205007480738
495.64268336560564876
495.50819703179814724
495.60049449817194045
495.82827425161036672
495.926629463609288
495.97513897397556093
495.98696311173495133
495.66310998735730209
495.7519403534410003
495.72065380162507608
495.70392541153125876
495.65082093511972516
495.61177997703475739
495.82038921746442384
495.96092003919494573
495.77562367801397158
495.9463652704015999
496.02377590358059933
496.0980099749300507
496.19485359283743264
496.27625451069036444
496.02189594544108786
495.91194129968351945
495.73789124568338593
495.73805124568372094
495.72321897376929201
495.74683207088742165
495.79191170347172601
495.92229208519989925
495.94961778540073283
496.160637359668101
495.99212774592035657
495.9703988910332555
495.95950678334969552
495.91539563214132613
495.95980693030344355
495.98697660154738287
495.95766250255394425
495.99247001641958832
495.8817249693300937
495.81318615143919715
495.68278970161003372
495.64538534122647206
495.34088210319765722
495.2609155172031592
495.23476602722905682
495.13626245647179758
495.03616295780813061
494.98850994227711908
494.84961909739911334
494.90007780066832765
495.04277947050729836
494.99493834780599855
495.07330643169012774
495.15259995183646424
494.84757682638559118
494.69246256315477694
494.6067501269401987
494.30780346254181268
494.12515336750539063
493.98356128387376884
493.90415158102786108
493.94163196805124016
493.7022919527863678
493.76074859349961343
493.72501679223557858
493.47590041204131239
493.46178817783561499
493.34715481131291881
493.48786250452428703
493.66224708409231425
493.78753872952330539
493.62086192564692055
493.86089581196216614
493.80863592131066753
493.61345464163372299
493.51319875125528824
493.67352932404162402
493.80004581070983249
493.98777924500370773
493.64994639677524901
493.76083588641427013
493.95585563868695544
493.97993280176677899
494.00180567376463614
493.92948216509182657
493.7218959203599411
493.6811582874337887
493.64991174539460417
493.53258132872048236
493.61324503771646732
493.54982779225099421
493.5786937964580261
493.57455779056198253
493.43457364863752446
493.48564474628869903
493.60690511327629793
493.67865187439718966
493.55396659098289547
493.66894910550172426
493.60443874268469244
493.42379309194024017
493.47010136567143945
493.48946997114825308
493.50303417911510451
493.59316714924625558
493.49024037890842465
493.493976383253937
493.47286759948320878
493.3555050725210549
493.44237566206254542
493.44630366711305669
493.50676207611240898
493.56817737288332637
493.32190009911118977
493.13250800789251116
493.18796221444529237
493.11115647951231722
493.26549411306535831
493.38512056862970212
493.63226693409575319
493.56978261228476867
493.48713560083189122
493.53017824491610099
493.59183777275825378
493.47955997057744071
493.48198797177025199
493.5222334029999729
493.26776508069656302
493.02830739543611571
492.78340261084332496
492.59891714038417376
492.54556448826753012
492.49413715680736914
492.5128136996739272
492.45503763330566471
492.26584330310021187
492.07731891138496394
491.86781597702940871
491.89412149383252881
491.85561673722281739
491.88302645315349082
491.97263436452215046
492.06302786459770005
491.97223755148257851
492.03708827002805037
492.06559820098215141
491.91854175755355527
491.695712300760988
491.39223643674449704
491.31728937458029804
491.31620137447299612
491.26743171029846735
491.35442653426372317
491.11682703123449301
490.8451686082508445
490.79887634309602618
490.95999598998332658
490.8455713062853647
490.75716978100138022
490.90533624918873556
490.83068960681345061
490.83524161467352087
490.85229002758597971
490.74243568410747685
490.32684357772569683
490.00628243844897725
489.70908608288840469
489.25164480873058892
489.10186944709568024
489.0402179268587588
489.05293809836922492
488.73431358085667853
488.71832524027769296
488.48860836571191157
488.18262313591293378
488.08825717131469446
487.84920523770034606
487.89459302786093531
487.87643652909042657
487.71089955160880436
487.70360751929695198
487.38299303244258454
487.35744364270755113
487.23347712965687606
487.02041881009114377
486.88442158855701791
486.83696468385932121
487.01844917245483657
487.0649495495660517
486.82253739882935406
486.49256771677642064
486.41304984334942674
486.29377263064316139
486.09878922168689996
486.02088184029520335
485.69874059999034444
485.46535093007224759
485.42220423769464333
485.49373472156383968
485.52351292183186615
485.41263145680926527
485.31155749745414596
485.1451988891682845
485.27720625178113778
485.24385916188214196
484.95245034333794365
484.71113406431447856
484.58022744352950895
484.60104419521957198
484.5328978352376339
484.58486552758688504
484.58746152904478777
484.04484447896709298
484.23580668181693909
484.08795794738551876
483.87849545346716695
483.75872046712373731
483.66998629033935231
483.40770907153159897
483.29857287627504547
483.26229689869450112
483.36491886556956388
483.30484880896051436
483.26786459385380113
483.06360133012572078
483.2084540786925686
483.20126204769189826
483.26726199520328464
483.11065872567212409
483.16440365886955988
482.96044757236728628
483.00465076842965573
482.84065621215813735
482.80912159916613291
482.71308786141077007
482.6437120492955728
482.73949721629867327
482.59443939424011205
482.52647724738409352
482.44104933136742375
482.53198394190269482
